sequence_id,frame_number,source_device,mode,controller_sent_pulse,capture_start,encode_complete,send_start,receive_start,inference_start,inference_complete,send_result,controller_received,total_latency_us,rsu_overhead_us,network_latency_us,zp_processing_us,zp_queueing_us,inference_time_us,frame_size_bytes,detection_count,model_name,codec,tier,resolution
0,1,RSU-0002,Offload,1769293643407667,1769293643414723,1769293643415244,1769293643415245,1769293643505428,1769293643505428,1769293643636287,1769293643636287,1769293643638070,230403,522,99015,130859,7,130859,599474,16,yolov5n,WebpLossy,T3,HD
0,1,RSU-0000,Offload,1769293643407666,1769293643409505,1769293643410001,1769293643410001,1769293643664330,1769293643664330,1769293643806397,1769293643806398,1769293643809443,401777,496,259153,142068,60,142067,599474,16,yolov5n,WebpLossy,T3,HD
0,1,RSU-0001,Offload,1769293643407666,1769293643407710,1769293643408247,1769293643408248,1769293643807714,1769293643807714,1769293643950783,1769293643950783,1769293643956355,548689,538,404909,143069,173,143069,599474,16,yolov5n,WebpLossy,T3,HD
1,4,RSU-0000,Offload,1769293643509241,1769293643507863,1769293643508439,1769293643508440,1769293643950819,1769293643950819,1769293644095523,1769293644095524,1769293644113387,604146,577,328398,144705,130466,144704,671272,15,yolov5n,WebpLossy,T3,HD
1,4,RSU-0001,Offload,1769293643509257,1769293643509528,1769293643510068,1769293643510069,1769293644095557,1769293644095557,1769293644239804,1769293644239804,1769293644254271,745014,541,405088,144247,195138,144247,671272,15,yolov5n,WebpLossy,T3,HD
4,13,RSU-0002,Offload,1769293643812696,1769293643818554,1769293643819051,1769293643819051,1769293644239830,1769293644239830,1769293644381710,1769293644381711,1769293644385325,572629,497,89893,141881,340358,141880,441710,15,yolov5n,WebpLossy,T3,HD
6,19,RSU-0000,Offload,1769293644015599,1769293644016840,1769293644017331,1769293644017331,1769293644381743,1769293644381743,1769293644522366,1769293644522366,1769293644524615,509016,491,313387,140623,54515,140623,441104,17,yolov5n,WebpLossy,T3,HD
6,19,RSU-0001,Offload,1769293644015616,1769293644018082,1769293644018493,1769293644018494,1769293644522398,1769293644522399,1769293644664619,1769293644664619,1769293644671662,656046,412,321017,142221,192396,142220,441104,17,yolov5n,WebpLossy,T3,HD
8,25,RSU-0002,Offload,1769293644218935,1769293644230990,1769293644231412,1769293644231412,1769293644664646,1769293644664646,1769293644806244,1769293644806244,1769293644815904,596969,422,84693,141598,370256,141598,437492,17,yolov5n,WebpLossy,T3,HD
12,37,RSU-0000,Offload,1769293644624111,1769293644626586,1769293644627041,1769293644627041,1769293644806281,1769293644806281,1769293644947186,1769293644947186,1769293644949876,325765,455,156345,140905,28060,140905,440636,17,yolov5n,WebpLossy,T3,HD
10,31,RSU-0001,Offload,1769293644420968,1769293644432313,1769293644432710,1769293644432710,1769293644947217,1769293644947217,1769293645087418,1769293645087418,1769293645108342,687374,397,301316,140201,245460,140201,440038,15,yolov5n,WebpLossy,T3,HD
12,37,RSU-0002,Offload,1769293644624129,1769293644635829,1769293644636242,1769293644636242,1769293645087450,1769293645087450,1769293645230101,1769293645230101,1769293645232068,607939,413,119371,142651,345504,142651,440636,17,yolov5n,WebpLossy,T3,HD
17,52,RSU-0000,Offload,1769293645131687,1769293645136320,1769293645136752,1769293645136752,1769293645230132,1769293645230132,1769293645369910,1769293645369910,1769293645416799,285112,432,128542,139778,16360,139778,443186,15,yolov5n,WebpLossy,T3,HD
16,49,RSU-0001,Offload,1769293645029433,1769293645035499,1769293645035976,1769293645035977,1769293645369954,1769293645369954,1769293645508216,1769293645508216,1769293645521413,491980,478,128013,138262,225227,138262,441970,15,yolov5n,WebpLossy,T3,HD
17,52,RSU-0002,Offload,1769293645131700,1769293645144805,1769293645145231,1769293645145231,1769293645508260,1769293645508260,1769293645647887,1769293645647887,1769293645651853,520153,426,62126,139627,317974,139627,443186,15,yolov5n,WebpLossy,T3,HD
21,64,RSU-0000,Offload,1769293645536808,1769293645536447,1769293645536882,1769293645536882,1769293645647917,1769293645647918,1769293645787751,1769293645787751,1769293645804995,268187,435,77610,139834,50308,139833,445844,17,yolov5n,WebpLossy,T3,HD
21,64,RSU-0001,Offload,1769293645536826,1769293645539901,1769293645540315,1769293645540315,1769293645787778,1769293645787778,1769293645926737,1769293645926737,1769293645932347,395521,414,100750,138959,155398,138959,445844,17,yolov5n,WebpLossy,T3,HD
21,64,RSU-0002,Offload,1769293645536828,1769293645542289,1769293645542724,1769293645542725,1769293645926767,1769293645926767,1769293646064604,1769293646064604,1769293646092630,555802,436,92628,137837,324901,137837,445844,17,yolov5n,WebpLossy,T3,HD
25,76,RSU-0000,Offload,1769293645943920,1769293645942995,1769293645943402,1769293645943402,1769293646064641,1769293646064641,1769293646202837,1769293646202837,1769293646233508,289588,407,121026,138196,29959,138196,445556,15,yolov5n,WebpLossy,T3,HD
25,76,RSU-0001,Offload,1769293645943939,1769293645942798,1769293645943167,1769293645943167,1769293646202865,1769293646202865,1769293646342976,1769293646342977,1769293646345045,401106,369,92809,140112,167816,140111,445556,15,yolov5n,WebpLossy,T3,HD
25,76,RSU-0002,Offload,1769293645943940,1769293645949377,1769293645949837,1769293645949838,1769293646343004,1769293646343004,1769293646480551,1769293646480551,1769293646522082,578142,461,121143,137547,318991,137547,445556,15,yolov5n,WebpLossy,T3,HD
29,88,RSU-0000,Offload,1769293646349335,1769293646348866,1769293646349314,1769293646349314,1769293646480588,1769293646480588,1769293646620205,1769293646620205,1769293646639913,290578,448,110965,139617,39548,139617,450406,16,yolov5n,WebpLossy,T3,HD
29,88,RSU-0001,Offload,1769293646349350,1769293646349550,1769293646349945,1769293646349946,1769293646620235,1769293646620235,1769293646760058,1769293646760058,1769293646764712,415362,396,96106,139823,179037,139823,450406,16,yolov5n,WebpLossy,T3,HD
29,88,RSU-0002,Offload,1769293646349352,1769293646355266,1769293646355721,1769293646355721,1769293646760087,1769293646760087,1769293646900456,1769293646900456,1769293646909005,559653,455,77930,140369,340899,140369,450406,16,yolov5n,WebpLossy,T3,HD
33,100,RSU-0000,Offload,1769293646754747,1769293646754596,1769293646755095,1769293646755095,1769293646900507,1769293646900508,1769293647040179,1769293647040179,1769293647049773,295026,499,87682,139672,67173,139671,449750,16,yolov5n,WebpLossy,T3,HD
33,100,RSU-0001,Offload,1769293646754772,1769293646753905,1769293646754297,1769293646754298,1769293647040207,1769293647040208,1769293647180239,1769293647180239,1769293647208374,453602,393,118789,140032,194388,140031,449750,16,yolov5n,WebpLossy,T3,HD
33,100,RSU-0002,Offload,1769293646754774,1769293646760233,1769293646760690,1769293646760690,1769293647180268,1769293647180269,1769293647319640,1769293647319641,1769293647353132,598358,457,107404,139373,351124,139371,449750,16,yolov5n,WebpLossy,T3,HD
37,112,RSU-0000,Offload,1769293647160948,1769293647159985,1769293647160413,1769293647160413,1769293647319697,1769293647319697,1769293647459565,1769293647459565,1769293647461791,300843,428,84652,139868,75895,139868,451962,18,yolov5n,WebpLossy,T3,HD
37,112,RSU-0001,Offload,1769293647160959,1769293647159781,1769293647160202,1769293647160203,1769293647459595,1769293647459595,1769293647598600,1769293647598600,1769293647659880,498921,422,155064,139005,204430,139005,451962,18,yolov5n,WebpLossy,T3,HD
37,112,RSU-0002,Offload,1769293647160960,1769293647166365,1769293647166828,1769293647166828,1769293647598632,1769293647598632,1769293647738389,1769293647738389,1769293647759391,598431,463,87857,139757,370354,139757,451962,18,yolov5n,WebpLossy,T3,HD
41,124,RSU-0000,Offload,1769293647566637,1769293647566673,1769293647567092,1769293647567092,1769293647738421,1769293647738421,1769293647876990,1769293647876990,1769293647880563,313926,419,68579,138569,106359,138569,450794,17,yolov5n,WebpLossy,T3,HD
42,127,RSU-0001,Offload,1769293647668406,1769293647666985,1769293647667398,1769293647667399,1769293647877015,1769293647877015,1769293648016694,1769293648016695,1769293648048391,379985,414,92377,139680,147514,139679,451008,18,yolov5n,WebpLossy,T3,HD
41,124,RSU-0002,Offload,1769293647566652,1769293647572446,1769293647572877,1769293647572877,1769293648016725,1769293648016725,1769293648153667,1769293648153667,1769293648164759,598107,431,95075,136942,365659,136942,450794,17,yolov5n,WebpLossy,T3,HD
46,139,RSU-0000,Offload,1769293648072680,1769293648072045,1769293648072467,1769293648072467,1769293648153711,1769293648153711,1769293648292783,1769293648292783,1769293648297064,224384,422,69081,139072,15809,139072,451648,19,yolov5n,WebpLossy,T3,HD
45,136,RSU-0001,Offload,1769293647971884,1769293647972127,1769293647972528,1769293647972528,1769293648292807,1769293648292807,1769293648431424,1769293648431425,1769293648531365,559481,401,185842,138618,234620,138617,452336,18,yolov5n,WebpLossy,T3,HD
46,139,RSU-0002,Offload,1769293648072698,1769293648078148,1769293648078608,1769293648078608,1769293648431455,1769293648431455,1769293648572064,1769293648572064,1769293648579149,506451,460,84870,140609,280512,140609,451648,19,yolov5n,WebpLossy,T3,HD
49,148,RSU-0000,Offload,1769293648375573,1769293648378191,1769293648378610,1769293648378610,1769293648572098,1769293648572098,1769293648711806,1769293648711806,1769293648740478,364905,419,129897,139708,94881,139708,451926,18,yolov5n,WebpLossy,T3,HD
49,148,RSU-0001,Offload,1769293648375587,1769293648375717,1769293648376152,1769293648376152,1769293648711835,1769293648711835,1769293648851981,1769293648851981,1769293648855507,479920,435,75182,140146,264157,140146,451926,18,yolov5n,WebpLossy,T3,HD
49,148,RSU-0002,Offload,1769293648375589,1769293648382682,1769293648383136,1769293648383136,1769293648852015,1769293648852015,1769293648992589,1769293648992590,1769293649065390,689801,454,153910,140575,394862,140574,451926,18,yolov5n,WebpLossy,T3,HD
54,163,RSU-0000,Offload,1769293648880912,1769293648881346,1769293648881770,1769293648881771,1769293648992627,1769293648992627,1769293649130622,1769293649130623,1769293649186735,305823,425,144661,137996,22741,137995,447506,17,yolov5n,WebpLossy,T3,HD
54,163,RSU-0001,Offload,1769293648880938,1769293648879374,1769293648879795,1769293648879795,1769293649130653,1769293649130653,1769293649270240,1769293649270240,1769293649285561,404623,421,106965,139587,157650,139587,447506,17,yolov5n,WebpLossy,T3,HD
54,163,RSU-0002,Offload,1769293648880939,1769293648889952,1769293648890407,1769293648890408,1769293649270272,1769293649270272,1769293649409117,1769293649409117,1769293649445592,564653,456,103103,138845,322249,138845,447506,17,yolov5n,WebpLossy,T3,HD
58,175,RSU-0000,Offload,1769293649285541,1769293649285688,1769293649286113,1769293649286113,1769293649409152,1769293649409152,1769293649548381,1769293649548382,1769293649579105,293564,425,118401,139230,35508,139229,446972,19,yolov5n,WebpLossy,T3,HD
58,175,RSU-0001,Offload,1769293649285553,1769293649282517,1769293649282910,1769293649282911,1769293649548411,1769293649548412,1769293649685071,1769293649685071,1769293649686886,401333,394,90462,136660,173817,136659,446972,19,yolov5n,WebpLossy,T3,HD
58,175,RSU-0002,Offload,1769293649285554,1769293649290722,1769293649291179,1769293649291179,1769293649685098,1769293649685098,1769293649826674,1769293649826674,1769293649848760,563206,457,83287,141576,337886,141576,446972,19,yolov5n,WebpLossy,T3,HD
62,187,RSU-0000,Offload,1769293649691039,1769293649691267,1769293649691734,1769293649691734,1769293649826711,1769293649826711,1769293649966027,1769293649966027,1769293649996656,305617,467,117727,139316,48107,139316,446896,16,yolov5n,WebpLossy,T3,HD
62,187,RSU-0001,Offload,1769293649691049,1769293649689425,1769293649689810,1769293649689811,1769293649966056,1769293649966056,1769293650104212,1769293650104212,1769293650108900,417851,386,94146,138156,185163,138156,446896,16,yolov5n,WebpLossy,T3,HD
62,187,RSU-0002,Offload,1769293649691051,1769293649696890,1769293649697338,1769293649697338,1769293650104239,1769293650104239,1769293650244594,1769293650244594,1769293650279820,588769,448,113598,140355,334368,140355,446896,16,yolov5n,WebpLossy,T3,HD
66,199,RSU-0000,Offload,1769293650095337,1769293650095746,1769293650096177,1769293650096177,1769293650244635,1769293650244635,1769293650385124,1769293650385124,1769293650395917,300580,431,94781,140489,64879,140489,448772,15,yolov5n,WebpLossy,T3,HD
66,199,RSU-0001,Offload,1769293650095355,1769293650094455,1769293650094827,1769293650094827,1769293650385173,1769293650385173,1769293650523201,1769293650523201,1769293650591087,495732,372,158834,138028,198498,138028,448772,15,yolov5n,WebpLossy,T3,HD
66,199,RSU-0002,Offload,1769293650095356,1769293650100989,1769293650101391,1769293650101392,1769293650523230,1769293650523230,1769293650661333,1769293650661333,1769293650691990,596634,403,106516,138103,351612,138103,448772,15,yolov5n,WebpLossy,T3,HD
70,211,RSU-0000,Offload,1769293650501351,1769293650500097,1769293650500523,1769293650500523,1769293650661364,1769293650661364,1769293650799745,1769293650799745,1769293650801544,300193,426,68264,138381,93122,138381,449108,15,yolov5n,WebpLossy,T3,HD
70,211,RSU-0001,Offload,1769293650501369,1769293650499375,1769293650499747,1769293650499748,1769293650799772,1769293650799772,1769293650937526,1769293650937526,1769293650939659,438290,373,82241,137754,217922,137754,449108,15,yolov5n,WebpLossy,T3,HD
70,211,RSU-0002,Offload,1769293650501370,1769293650508500,1769293650508917,1769293650508917,1769293650937558,1769293650937559,1769293651076441,1769293651076441,1769293651095178,593808,417,102341,138883,352167,138882,449108,15,yolov5n,WebpLossy,T3,HD
74,223,RSU-0000,Offload,1769293650907039,1769293650907618,1769293650908106,1769293650908107,1769293651076482,1769293651076482,1769293651214886,1769293651214886,1769293651217179,310140,489,84358,138404,86889,138404,449290,16,yolov5n,WebpLossy,T3,HD
74,223,RSU-0001,Offload,1769293650907052,1769293650905059,1769293650905452,1769293650905453,1769293651214914,1769293651214914,1769293651355408,1769293651355408,1769293651357849,450797,394,85240,140494,224669,140494,449290,16,yolov5n,WebpLossy,T3,HD
74,223,RSU-0002,Offload,1769293650907053,1769293650912476,1769293650912932,1769293650912932,1769293651355439,1769293651355439,1769293651495820,1769293651495820,1769293651498601,591548,456,89516,140381,361195,140381,449290,16,yolov5n,WebpLossy,T3,HD
78,235,RSU-0000,Offload,1769293651311884,1769293651311142,1769293651311561,1769293651311561,1769293651495867,1769293651495867,1769293651635177,1769293651635178,1769293651651081,339197,419,102894,139311,96573,139310,448204,19,yolov5n,WebpLossy,T3,HD
79,238,RSU-0001,Offload,1769293651413482,1769293651411065,1769293651411457,1769293651411457,1769293651635207,1769293651635207,1769293651774347,1769293651774347,1769293651782191,368709,392,85280,139140,143897,139140,449992,16,yolov5n,WebpLossy,T3,HD
79,238,RSU-0002,Offload,1769293651413483,1769293651421551,1769293651421954,1769293651421954,1769293651774378,1769293651774379,1769293651914693,1769293651914693,1769293651917132,503649,403,83059,140315,279872,140314,449992,16,yolov5n,WebpLossy,T3,HD
82,247,RSU-0000,Offload,1769293651717478,1769293651718737,1769293651719181,1769293651719181,1769293651914729,1769293651914729,1769293652054085,1769293652054086,1769293652110132,392654,444,143322,139357,109531,139356,449068,18,yolov5n,WebpLossy,T3,HD
83,250,RSU-0001,Offload,1769293651819551,1769293651817996,1769293651818374,1769293651818374,1769293652054114,1769293652054114,1769293652193816,1769293652193816,1769293652238157,418606,378,124613,139702,153913,139702,447748,17,yolov5n,WebpLossy,T3,HD
83,250,RSU-0002,Offload,1769293651819552,1769293651826993,1769293651827397,1769293651827398,1769293652193849,1769293652193849,1769293652332052,1769293652332052,1769293652334493,514941,405,79942,138203,296391,138203,447748,17,yolov5n,WebpLossy,T3,HD
87,262,RSU-0000,Offload,1769293652225899,1769293652226853,1769293652227336,1769293652227336,1769293652332094,1769293652332095,1769293652471084,1769293652471084,1769293652507719,281820,483,135740,138990,6607,138989,451624,17,yolov5n,WebpLossy,T3,HD
87,262,RSU-0001,Offload,1769293652225908,1769293652224563,1769293652224957,1769293652224957,1769293652471119,1769293652471119,1769293652609398,1769293652609398,1769293652621445,395537,394,78791,138279,178073,138279,451624,17,yolov5n,WebpLossy,T3,HD
87,262,RSU-0002,Offload,1769293652225909,1769293652235201,1769293652235640,1769293652235641,1769293652609430,1769293652609430,1769293652750469,1769293652750469,1769293652754510,528601,440,82276,141039,304846,141039,451624,17,yolov5n,WebpLossy,T3,HD
91,274,RSU-0000,Offload,1769293652629870,1769293652629138,1769293652629555,1769293652629555,1769293652750511,1769293652750512,1769293652889340,1769293652889340,1769293652921587,291717,417,114726,138829,37745,138828,448812,16,yolov5n,WebpLossy,T3,HD
91,274,RSU-0001,Offload,1769293652629886,1769293652628620,1769293652629025,1769293652629026,1769293652889372,1769293652889372,1769293653029668,1769293653029669,1769293653114864,484978,406,156970,140297,187305,140296,448812,16,yolov5n,WebpLossy,T3,HD
91,274,RSU-0002,Offload,1769293652629887,1769293652635028,1769293652635447,1769293652635447,1769293653029699,1769293653029699,1769293653173059,1769293653173059,1769293653228662,598775,419,123041,143360,331955,143360,448812,16,yolov5n,WebpLossy,T3,HD
95,286,RSU-0000,Offload,1769293653034622,1769293653033967,1769293653034835,1769293653034835,1769293653173108,1769293653173108,1769293653311769,1769293653311769,1769293653321862,287240,868,103783,138661,43928,138661,448736,16,yolov5n,WebpLossy,T3,HD
95,286,RSU-0001,Offload,1769293653034637,1769293653032071,1769293653032448,1769293653032448,1769293653311798,1769293653311798,1769293653451975,1769293653451975,1769293653462383,427746,377,103903,140177,183289,140177,448736,16,yolov5n,WebpLossy,T3,HD
95,286,RSU-0002,Offload,1769293653034638,1769293653042592,1769293653043027,1769293653043027,1769293653452002,1769293653452002,1769293653591088,1769293653591088,1769293653634203,599565,435,139399,139086,320645,139086,448736,16,yolov5n,WebpLossy,T3,HD
99,298,RSU-0000,Offload,1769293653439316,1769293653439101,1769293653439522,1769293653439522,1769293653591121,1769293653591121,1769293653730968,1769293653730968,1769293653734626,295310,421,86705,139847,68337,139847,444980,17,yolov5n,WebpLossy,T3,HD
99,298,RSU-0001,Offload,1769293653439333,1769293653436909,1769293653437293,1769293653437294,1769293653730998,1769293653730998,1769293653868316,1769293653868316,1769293653873134,433801,385,86769,137318,209329,137318,444980,17,yolov5n,WebpLossy,T3,HD
99,298,RSU-0002,Offload,1769293653439334,1769293653445158,1769293653445610,1769293653445610,1769293653868347,1769293653868347,1769293654006919,1769293654006919,1769293654028896,589562,452,113172,138572,337366,138572,444980,17,yolov5n,WebpLossy,T3,HD
103,310,RSU-0000,Offload,1769293653844502,1769293653845031,1769293653845451,1769293653845451,1769293654006950,1769293654006951,1769293654146169,1769293654146169,1769293654147900,303398,420,90842,139219,72917,139218,444108,16,yolov5n,WebpLossy,T3,HD
103,310,RSU-0001,Offload,1769293653844516,1769293653844859,1769293653845237,1769293653845238,1769293654146199,1769293654146199,1769293654285007,1769293654285007,1769293654323030,478514,379,125367,138808,213960,138808,444108,16,yolov5n,WebpLossy,T3,HD
103,310,RSU-0002,Offload,1769293653844517,1769293653850075,1769293653850466,1769293653850467,1769293654285035,1769293654285036,1769293654426119,1769293654426119,1769293654445173,600656,392,66616,141084,392564,141083,444108,16,yolov5n,WebpLossy,T3,HD
107,322,RSU-0000,Offload,1769293654249487,1769293654248441,1769293654248834,1769293654248834,1769293654426155,1769293654426156,1769293654563069,1769293654563069,1769293654564955,315468,393,64874,136914,113287,136913,443746,16,yolov5n,WebpLossy,T3,HD
108,325,RSU-0001,Offload,1769293654351388,1769293654350219,1769293654350603,1769293654350604,1769293654563102,1769293654563103,1769293654702549,1769293654702549,1769293654716388,365000,385,86672,139447,138496,139446,443688,15,yolov5n,WebpLossy,T3,HD
108,325,RSU-0002,Offload,1769293654351389,1769293654356840,1769293654357254,1769293654357254,1769293654702579,1769293654702579,1769293654843195,1769293654843195,1769293654856139,504750,414,84473,140616,279247,140616,443688,15,yolov5n,WebpLossy,T3,HD
112,337,RSU-0000,Offload,1769293654757804,1769293654758717,1769293654759208,1769293654759208,1769293654843246,1769293654843246,1769293654983936,1769293654983936,1769293654987073,229269,491,73331,140690,14757,140690,443014,17,yolov5n,WebpLossy,T3,HD
112,337,RSU-0001,Offload,1769293654757823,1769293654760770,1769293654761150,1769293654761150,1769293654983964,1769293654983965,1769293655124063,1769293655124064,1769293655201332,443509,380,148341,140100,154688,140098,443014,17,yolov5n,WebpLossy,T3,HD
111,334,RSU-0002,Offload,1769293654656624,1769293654668439,1769293654668875,1769293654668875,1769293655124096,1769293655124096,1769293655263737,1769293655263737,1769293655265900,609276,436,84931,139641,384268,139641,444650,16,yolov5n,WebpLossy,T3,HD
116,349,RSU-0000,Offload,1769293655164386,1769293655166445,1769293655166968,1769293655166968,1769293655263771,1769293655263771,1769293655403204,1769293655403204,1769293655452769,288383,523,114239,139433,34188,139433,445522,18,yolov5n,WebpLossy,T3,HD
116,349,RSU-0001,Offload,1769293655164401,1769293655161703,1769293655162081,1769293655162082,1769293655403235,1769293655403236,1769293655542937,1769293655542937,1769293655554958,390557,379,97302,139702,153174,139701,445522,18,yolov5n,WebpLossy,T3,HD
116,349,RSU-0002,Offload,1769293655164402,1769293655172322,1769293655172767,1769293655172767,1769293655542966,1769293655542967,1769293655681122,1769293655681122,1769293655688539,524137,445,86813,138156,298723,138155,445522,18,yolov5n,WebpLossy,T3,HD
120,361,RSU-0000,Offload,1769293655570420,1769293655569377,1769293655569891,1769293655569891,1769293655681159,1769293655681159,1769293655821066,1769293655821066,1769293655857390,286970,514,126437,139907,20112,139907,443394,18,yolov5n,WebpLossy,T3,HD
120,361,RSU-0001,Offload,1769293655570432,1769293655569765,1769293655570160,1769293655570161,1769293655821093,1769293655821094,1769293655958059,1769293655958059,1769293655966254,395822,396,79605,136966,178855,136965,443394,18,yolov5n,WebpLossy,T3,HD
120,361,RSU-0002,Offload,1769293655570433,1769293655575775,1769293655576181,1769293655576181,1769293655958091,1769293655958092,1769293656096835,1769293656096835,1769293656112545,542112,406,86248,138744,316714,138743,443394,18,yolov5n,WebpLossy,T3,HD
124,373,RSU-0000,Offload,1769293655975472,1769293655975812,1769293655976234,1769293655976235,1769293656096867,1769293656096867,1769293656236501,1769293656236502,1769293656281726,306254,423,121267,139635,44929,139634,442582,19,yolov5n,WebpLossy,T3,HD
124,373,RSU-0001,Offload,1769293655975485,1769293655974394,1769293655974792,1769293655974792,1769293656236527,1769293656236527,1769293656376957,1769293656376957,1769293656378882,403397,398,65159,140430,197410,140430,442582,19,yolov5n,WebpLossy,T3,HD
124,373,RSU-0002,Offload,1769293655975486,1769293655980939,1769293655981326,1769293655981326,1769293656376985,1769293656376985,1769293656517015,1769293656517015,1769293656524383,548897,387,97367,140030,311113,140030,442582,19,yolov5n,WebpLossy,T3,HD
128,385,RSU-0000,Offload,1769293656380044,1769293656379477,1769293656379974,1769293656379974,1769293656517057,1769293656517057,1769293656657344,1769293656657344,1769293656693415,313371,497,118267,140287,54320,140287,440414,18,yolov5n,WebpLossy,T3,HD
128,385,RSU-0001,Offload,1769293656380054,1769293656379347,1769293656379708,1769293656379708,1769293656657376,1769293656657377,1769293656794106,1769293656794106,1769293656871188,491134,361,133870,136730,220173,136729,440414,18,yolov5n,WebpLossy,T3,HD
128,385,RSU-0002,Offload,1769293656380055,1769293656386101,1769293656386531,1769293656386531,1769293656794134,1769293656794135,1769293656933740,1769293656933741,1769293656967828,587773,430,116899,139607,330837,139605,440414,18,yolov5n,WebpLossy,T3,HD
132,397,RSU-0000,Offload,1769293656784330,1769293656784969,1769293656785423,1769293656785424,1769293656933771,1769293656933771,1769293657072275,1769293657072275,1769293657074438,290108,455,84139,138504,67010,138504,442498,18,yolov5n,WebpLossy,T3,HD
132,397,RSU-0001,Offload,1769293656784349,1769293656782777,1769293656783132,1769293656783133,1769293657072305,1769293657072305,1769293657211122,1769293657211122,1769293657276279,491930,356,126344,138817,226413,138817,442498,18,yolov5n,WebpLossy,T3,HD
132,397,RSU-0002,Offload,1769293656784350,1769293656790924,1769293656791352,1769293656791352,1769293657211149,1769293657211149,1769293657350584,1769293657350584,1769293657387593,603243,428,113629,139435,349751,139435,442498,18,yolov5n,WebpLossy,T3,HD
136,409,RSU-0000,Offload,1769293657189587,1769293657189112,1769293657189577,1769293657189577,1769293657350643,1769293657350643,1769293657491275,1769293657491275,1769293657493354,303767,465,60320,140632,102350,140632,440020,16,yolov5n,WebpLossy,T3,HD
136,409,RSU-0001,Offload,1769293657189601,1769293657189390,1769293657189753,1769293657189754,1769293657491303,1769293657491303,1769293657628849,1769293657628849,1769293657679627,490026,364,136997,137546,215119,137546,440020,16,yolov5n,WebpLossy,T3,HD
137,412,RSU-0002,Offload,1769293657290768,1769293657298236,1769293657298667,1769293657298667,1769293657628878,1769293657628878,1769293657768405,1769293657768405,1769293657774136,483368,431,52537,139527,290873,139527,442764,17,yolov5n,WebpLossy,T3,HD
140,421,RSU-0000,Offload,1769293657593787,1769293657592993,1769293657593429,1769293657593429,1769293657768451,1769293657768451,1769293657907449,1769293657907449,1769293657910289,316502,436,68202,138998,108866,138998,443514,16,yolov5n,WebpLossy,T3,HD
140,421,RSU-0001,Offload,1769293657593801,1769293657591549,1769293657591989,1769293657591989,1769293657907475,1769293657907475,1769293658048198,1769293658048198,1769293658061298,467497,440,95591,140723,230743,140723,443514,16,yolov5n,WebpLossy,T3,HD
140,421,RSU-0002,Offload,1769293657593802,1769293657600367,1769293657600815,1769293657600816,1769293658048229,1769293658048230,1769293658188547,1769293658188547,1769293658220852,627050,449,100509,140318,385774,140317,443514,16,yolov5n,WebpLossy,T3,HD
145,436,RSU-0000,Offload,1769293658098651,1769293658100550,1769293658100944,1769293658100944,1769293658188593,1769293658188593,1769293658327228,1769293658327228,1769293658334035,235384,394,83133,138635,13222,138635,439380,17,yolov5n,WebpLossy,T3,HD
145,436,RSU-0001,Offload,1769293658098667,1769293658097361,1769293658097726,1769293658097726,1769293658327257,1769293658327257,1769293658464754,1769293658464754,1769293658485806,387139,365,104909,137497,144368,137497,439380,17,yolov5n,WebpLossy,T3,HD
145,436,RSU-0002,Offload,1769293658098668,1769293658104393,1769293658104804,1769293658104804,1769293658464781,1769293658464781,1769293658604063,1769293658604064,1769293658605971,507303,411,74981,139283,292628,139282,439380,17,yolov5n,WebpLossy,T3,HD
149,448,RSU-0000,Offload,1769293658505065,1769293658503845,1769293658504243,1769293658504243,1769293658604095,1769293658604095,1769293658743216,1769293658743216,1769293658745512,240447,398,82073,139121,18855,139121,443204,16,yolov5n,WebpLossy,T3,HD
149,448,RSU-0001,Offload,1769293658505087,1769293658504957,1769293658505299,1769293658505299,1769293658743246,1769293658743247,1769293658882711,1769293658882711,1769293658913819,408732,342,102784,139465,166141,139464,443204,16,yolov5n,WebpLossy,T3,HD
149,448,RSU-0002,Offload,1769293658505089,1769293658510796,1769293658511218,1769293658511219,1769293658882741,1769293658882741,1769293659020624,1769293659020624,1769293659025612,520523,423,87520,137883,294697,137883,443204,16,yolov5n,WebpLossy,T3,HD
153,460,RSU-0000,Offload,1769293658910545,1769293658910729,1769293658911156,1769293658911156,1769293659020698,1769293659020698,1769293659160092,1769293659160093,1769293659199491,288946,427,124713,139395,24411,139394,443052,18,yolov5n,WebpLossy,T3,HD
153,460,RSU-0001,Offload,1769293658910560,1769293658908817,1769293658909224,1769293658909225,1769293659160121,1769293659160121,1769293659298813,1769293659298813,1769293659303077,392517,408,62986,138692,190431,138692,443052,18,yolov5n,WebpLossy,T3,HD
153,460,RSU-0002,Offload,1769293658910561,1769293658932311,1769293658932744,1769293658932744,1769293659298956,1769293659298956,1769293659438143,1769293659438143,1769293659478778,568217,433,125142,139187,303455,139187,443052,18,yolov5n,WebpLossy,T3,HD
157,472,RSU-0000,Offload,1769293659314485,1769293659315912,1769293659316358,1769293659316358,1769293659438176,1769293659438176,1769293659575618,1769293659575618,1769293659605361,290876,446,113975,137442,39013,137442,443494,13,yolov5n,WebpLossy,T3,HD
157,472,RSU-0001,Offload,1769293659314503,1769293659312676,1769293659313051,1769293659313052,1769293659575646,1769293659575647,1769293659715523,1769293659715524,1769293659719706,405203,376,65349,139878,199600,139876,443494,13,yolov5n,WebpLossy,T3,HD
157,472,RSU-0002,Offload,1769293659314504,1769293659321765,1769293659322205,1769293659322206,1769293659715552,1769293659715552,1769293659853948,1769293659853948,1769293659862633,548129,441,86241,138396,323051,138396,443494,13,yolov5n,WebpLossy,T3,HD
161,484,RSU-0000,Offload,1769293659719393,1769293659719007,1769293659719439,1769293659719440,1769293659853990,1769293659853990,1769293659993768,1769293659993769,1769293660007930,288537,433,102500,139779,45825,139778,442862,15,yolov5n,WebpLossy,T3,HD
161,484,RSU-0001,Offload,1769293659719403,1769293659721037,1769293659721457,1769293659721458,1769293659993787,1769293659993787,1769293660132923,1769293660132923,1769293660159281,439878,421,113750,139136,186571,139136,442862,15,yolov5n,WebpLossy,T3,HD
161,484,RSU-0002,Offload,1769293659719404,1769293659725209,1769293659725721,1769293659725721,1769293660132950,1769293660132950,1769293660272553,1769293660272553,1769293660290174,570770,512,98271,139603,332384,139603,442862,15,yolov5n,WebpLossy,T3,HD
165,496,RSU-0000,Offload,1769293660125344,1769293660126957,1769293660127402,1769293660127403,1769293660272588,1769293660272588,1769293660412090,1769293660412090,1769293660426692,301348,446,93569,139502,67831,139502,443636,17,yolov5n,WebpLossy,T3,HD
165,496,RSU-0001,Offload,1769293660125358,1769293660124521,1769293660124908,1769293660124908,1769293660412163,1769293660412163,1769293660552216,1769293660552216,1769293660563015,437657,387,108975,140053,188242,140053,443636,17,yolov5n,WebpLossy,T3,HD
165,496,RSU-0002,Offload,1769293660125359,1769293660134707,1769293660135120,1769293660135120,1769293660552248,1769293660552248,1769293660690229,1769293660690229,1769293660725325,599966,413,103046,137981,358526,137981,443636,17,yolov5n,WebpLossy,T3,HD
169,508,RSU-0000,Offload,1769293660530575,1769293660530961,1769293660531404,1769293660531404,1769293660690282,1769293660690282,1769293660830361,1769293660830361,1769293660835364,304789,443,92441,140079,71826,140079,444260,15,yolov5n,WebpLossy,T3,HD
169,508,RSU-0001,Offload,1769293660530594,1769293660531830,1769293660532216,1769293660532217,1769293660830391,1769293660830391,1769293660969631,1769293660969631,1769293660989003,458409,387,101832,139240,216950,139240,444260,15,yolov5n,WebpLossy,T3,HD
169,508,RSU-0002,Offload,1769293660530596,1769293660540523,1769293660540925,1769293660540926,1769293660969672,1769293660969672,1769293661110388,1769293661110388,1769293661133894,603298,403,104530,140716,357649,140716,444260,15,yolov5n,WebpLossy,T3,HD
174,523,RSU-0000,Offload,1769293661038466,1769293661036938,1769293661037363,1769293661037363,1769293661110422,1769293661110422,1769293661249082,1769293661249082,1769293661320533,282067,425,130183,138660,12799,138660,443874,15,yolov5n,WebpLossy,T3,HD
173,520,RSU-0001,Offload,1769293660937360,1769293660935395,1769293660935787,1769293660935788,1769293661249108,1769293661249108,1769293661388807,1769293661388807,1769293661432689,495329,393,142386,139699,212851,139699,446394,15,yolov5n,WebpLossy,T3,HD
174,523,RSU-0002,Offload,1769293661038483,1769293661043396,1769293661043816,1769293661043816,1769293661388835,1769293661388835,1769293661528274,1769293661528274,1769293661534348,495865,420,68090,139439,287916,139439,443874,15,yolov5n,WebpLossy,T3,HD
178,535,RSU-0000,Offload,1769293661442873,1769293661442289,1769293661442748,1769293661442748,1769293661528318,1769293661528318,1769293661666932,1769293661666932,1769293661687739,244866,459,89726,138614,16067,138614,445388,14,yolov5n,WebpLossy,T3,HD
178,535,RSU-0001,Offload,1769293661442884,1769293661442947,1769293661443345,1769293661443345,1769293661666966,1769293661666966,1769293661806952,1769293661806952,1769293661847808,404924,398,120961,139986,143579,139986,445388,14,yolov5n,WebpLossy,T3,HD
177,532,RSU-0002,Offload,1769293661341753,1769293661347651,1769293661348109,1769293661348110,1769293661806986,1769293661806986,1769293661946584,1769293661946584,1769293661949591,607838,459,52258,139598,415523,139598,444350,14,yolov5n,WebpLossy,T3,HD
182,547,RSU-0000,Offload,1769293661847637,1769293661850523,1769293661851150,1769293661851150,1769293661946616,1769293661946616,1769293662087153,1769293662087153,1769293662120453,272816,627,97890,140537,33762,140537,440716,14,yolov5n,WebpLossy,T3,HD
182,547,RSU-0001,Offload,1769293661847649,1769293661847553,1769293661848007,1769293661848008,1769293662087178,1769293662087178,1769293662227814,1769293662227815,1769293662238632,390983,455,95279,140637,154612,140636,440716,14,yolov5n,WebpLossy,T3,HD
182,547,RSU-0002,Offload,1769293661847650,1769293661857541,1769293661857960,1769293661857960,1769293662227844,1769293662227844,1769293662366899,1769293662366899,1769293662385851,538201,419,83075,139055,315652,139055,440716,14,yolov5n,WebpLossy,T3,HD
186,559,RSU-0000,Offload,1769293662252925,1769293662252324,1769293662252752,1769293662252752,1769293662366931,1769293662366932,1769293662507032,1769293662507032,1769293662510446,257521,428,78452,140101,38540,140100,442320,16,yolov5n,WebpLossy,T3,HD
186,559,RSU-0001,Offload,1769293662252941,1769293662251044,1769293662251424,1769293662251425,1769293662507061,1769293662507061,1769293662645967,1769293662645967,1769293662648273,395332,381,80847,138906,175198,138906,442320,16,yolov5n,WebpLossy,T3,HD
186,559,RSU-0002,Offload,1769293662252942,1769293662260432,1769293662260860,1769293662260861,1769293662645995,1769293662645995,1769293662783342,1769293662783342,1769293662841701,588759,429,137211,137347,313772,137347,442320,16,yolov5n,WebpLossy,T3,HD
190,571,RSU-0000,Offload,1769293662659464,1769293662658271,1769293662658707,1769293662658707,1769293662783377,1769293662783377,1769293662921829,1769293662921830,1769293662954432,294968,436,115089,138453,40990,138452,443444,14,yolov5n,WebpLossy,T3,HD
190,571,RSU-0001,Offload,1769293662659482,1769293662659915,1769293662660292,1769293662660292,1769293662921855,1769293662921855,1769293663062039,1769293663062039,1769293663064420,404938,377,69251,140184,195126,140184,443444,14,yolov5n,WebpLossy,T3,HD
190,571,RSU-0002,Offload,1769293662659483,1769293662666757,1769293662667193,1769293662667194,1769293663062064,1769293663062065,1769293663202023,1769293663202023,1769293663219396,559913,437,77163,139959,342354,139958,443444,14,yolov5n,WebpLossy,T3,HD
194,583,RSU-0000,Offload,1769293663064285,1769293663063247,1769293663063685,1769293663063685,1769293663202060,1769293663202060,1769293663343148,1769293663343148,1769293663363394,299109,438,107363,141088,50220,141088,446612,14,yolov5n,WebpLossy,T3,HD
194,583,RSU-0001,Offload,1769293663064295,1769293663061944,1769293663062328,1769293663062329,1769293663343182,1769293663343182,1769293663483212,1769293663483213,1769293663487618,423323,385,82713,140031,200194,140030,446612,14,yolov5n,WebpLossy,T3,HD
194,583,RSU-0002,Offload,1769293663064296,1769293663071412,1769293663071841,1769293663071842,1769293663483247,1769293663483247,1769293663622774,1769293663622774,1769293663651379,587083,430,103608,139527,343518,139527,446612,14,yolov5n,WebpLossy,T3,HD
198,595,RSU-0000,Offload,1769293663468173,1769293663466998,1769293663467440,1769293663467440,1769293663622818,1769293663622818,1769293663760552,1769293663760552,1769293663764950,296777,442,83067,137734,75534,137734,448510,15,yolov5n,WebpLossy,T3,HD
198,595,RSU-0001,Offload,1769293663468187,1769293663467025,1769293663467425,1769293663467426,1769293663760580,1769293663760580,1769293663901932,1769293663901933,1769293663960746,492559,401,147341,141353,203464,141352,448510,15,yolov5n,WebpLossy,T3,HD
198,595,RSU-0002,Offload,1769293663468188,1769293663473981,1769293663474405,1769293663474405,1769293663901959,1769293663901959,1769293664041026,1769293664041026,1769293664044567,576379,424,83447,139067,353441,139067,448510,15,yolov5n,WebpLossy,T3,HD
202,607,RSU-0000,Offload,1769293663873014,1769293663871282,1769293663871759,1769293663871759,1769293664041077,1769293664041077,1769293664180013,1769293664180014,1769293664182131,309117,477,87374,138937,82329,138936,453624,17,yolov5n,WebpLossy,T3,HD
202,607,RSU-0001,Offload,1769293663873032,1769293663872685,1769293663873086,1769293663873086,1769293664180038,1769293664180038,1769293664320875,1769293664320875,1769293664358667,485635,401,100477,140837,243920,140837,453624,17,yolov5n,WebpLossy,T3,HD
202,607,RSU-0002,Offload,1769293663873033,1769293663879118,1769293663879511,1769293663879512,1769293664320904,1769293664320904,1769293664461530,1769293664461530,1769293664464003,590970,394,51505,140626,398445,140626,453624,17,yolov5n,WebpLossy,T3,HD
206,619,RSU-0000,Offload,1769293664277607,1769293664275936,1769293664276452,1769293664276452,1769293664461566,1769293664461567,1769293664602024,1769293664602025,1769293664631581,353974,516,107778,140459,105221,140457,454836,15,yolov5n,WebpLossy,T3,HD
207,622,RSU-0001,Offload,1769293664378968,1769293664384995,1769293664385721,1769293664385721,1769293664602053,1769293664602053,1769293664743222,1769293664743222,1769293664771883,392915,726,89321,141169,161699,141169,455742,15,yolov5n,WebpLossy,T3,HD
207,622,RSU-0002,Offload,1769293664378968,1769293664391848,1769293664392269,1769293664392269,1769293664743253,1769293664743253,1769293664882667,1769293664882667,1769293664885078,506110,421,79083,139414,287192,139414,455742,15,yolov5n,WebpLossy,T3,HD
211,634,RSU-0000,Offload,1769293664783103,1769293664784005,1769293664784431,1769293664784431,1769293664882699,1769293664882700,1769293665024004,1769293665024004,1769293665087379,304276,426,156929,141305,5616,141304,453530,18,yolov5n,WebpLossy,T3,HD
211,634,RSU-0001,Offload,1769293664783120,1769293664781534,1769293664781974,1769293664781975,1769293665024029,1769293665024030,1769293665164134,1769293665164135,1769293665181969,398849,441,92605,140106,165697,140104,453530,18,yolov5n,WebpLossy,T3,HD
211,634,RSU-0002,Offload,1769293664783122,1769293664788608,1769293664789042,1769293664789042,1769293665164165,1769293665164166,1769293665306033,1769293665306033,1769293665308505,525383,434,76794,141868,306287,141867,453530,18,yolov5n,WebpLossy,T3,HD
215,646,RSU-0000,Offload,1769293665188374,1769293665187652,1769293665188100,1769293665188101,1769293665306064,1769293665306064,1769293665446856,1769293665446856,1769293665476462,288088,449,98292,140792,48555,140792,456558,19,yolov5n,WebpLossy,T3,HD
215,646,RSU-0001,Offload,1769293665188392,1769293665188076,1769293665188459,1769293665188460,1769293665446882,1769293665446882,1769293665585019,1769293665585020,1769293665587115,398723,384,95853,138138,164348,138137,456558,19,yolov5n,WebpLossy,T3,HD
215,646,RSU-0002,Offload,1769293665188394,1769293665194169,1769293665194593,1769293665194594,1769293665585048,1769293665585048,1769293665723869,1769293665723869,1769293665768740,580346,425,111661,138821,329439,138821,456558,19,yolov5n,WebpLossy,T3,HD
219,658,RSU-0000,Offload,1769293665593515,1769293665593205,1769293665593656,1769293665593656,1769293665723903,1769293665723903,1769293665863432,1769293665863432,1769293665894690,301175,451,110540,139529,50655,139529,456088,18,yolov5n,WebpLossy,T3,HD
219,658,RSU-0001,Offload,1769293665593533,1769293665591784,1769293665592240,1769293665592240,1769293665863460,1769293665863461,1769293666003709,1769293666003709,1769293666005730,412197,456,95208,140249,176284,140248,456088,18,yolov5n,WebpLossy,T3,HD
219,658,RSU-0002,Offload,1769293665593534,1769293665601492,1769293665601978,1769293665601978,1769293666003742,1769293666003742,1769293666143263,1769293666143263,1769293666188144,594610,486,125030,139521,329573,139521,456088,18,yolov5n,WebpLossy,T3,HD
223,670,RSU-0000,Offload,1769293665997952,1769293665996883,1769293665997318,1769293665997318,1769293666143297,1769293666143297,1769293666283999,1769293666283999,1769293666291204,293252,435,105148,140702,46967,140702,459856,20,yolov5n,WebpLossy,T3,HD
223,670,RSU-0001,Offload,1769293665997976,1769293665996860,1769293665997254,1769293665997254,1769293666284034,1769293666284034,1769293666424974,1769293666424974,1769293666428180,430204,394,95161,140940,193709,140940,459856,20,yolov5n,WebpLossy,T3,HD
223,670,RSU-0002,Offload,1769293665997977,1769293666004026,1769293666004442,1769293666004442,1769293666425001,1769293666425001,1769293666565079,1769293666565079,1769293666689479,691502,416,215343,140078,335665,140078,459856,20,yolov5n,WebpLossy,T3,HD
227,682,RSU-0000,Offload,1769293666405271,1769293666404052,1769293666404522,1769293666404523,1769293666565134,1769293666565134,1769293666705421,1769293666705421,1769293666726691,321420,471,102466,140287,78196,140287,459238,20,yolov5n,WebpLossy,T3,HD
227,682,RSU-0001,Offload,1769293666405286,1769293666405098,1769293666405499,1769293666405499,1769293666705477,1769293666705477,1769293666846436,1769293666846436,1769293666897535,492249,401,135177,140959,215712,140959,459238,20,yolov5n,WebpLossy,T3,HD
227,682,RSU-0002,Offload,1769293666405287,1769293666412082,1769293666412529,1769293666412529,1769293666846468,1769293666846468,1769293666988630,1769293666988630,1769293667000175,594888,447,79004,142162,373275,142162,459238,20,yolov5n,WebpLossy,T3,HD
232,697,RSU-0000,Offload,1769293666910707,1769293666910023,1769293666910497,1769293666910497,1769293666988653,1769293666988654,1769293667137704,1769293667137705,1769293667141661,230954,474,69531,149052,11897,149050,457700,20,yolov5n,WebpLossy,T3,HD
231,694,RSU-0001,Offload,1769293666809558,1769293666807806,1769293666808237,1769293666808237,1769293667137732,1769293667137732,1769293667276780,1769293667276781,1769293667279443,469885,431,89177,139049,241228,139048,457928,21,yolov5n,WebpLossy,T3,HD
232,697,RSU-0002,Offload,1769293666910723,1769293666916470,1769293666916860,1769293666916860,1769293667276811,1769293667276812,1769293667417440,1769293667417440,1769293667420393,509670,390,79909,140629,288742,140628,457700,20,yolov5n,WebpLossy,T3,HD
236,709,RSU-0000,Offload,1769293667315012,1769293667316441,1769293667316876,1769293667316876,1769293667417471,1769293667417471,1769293667555901,1769293667555901,1769293667609380,294368,435,139538,138430,15965,138430,453254,22,yolov5n,WebpLossy,T3,HD
236,709,RSU-0001,Offload,1769293667315022,1769293667312731,1769293667313115,1769293667313115,1769293667555929,1769293667555929,1769293667695818,1769293667695818,1769293667819536,504514,384,204924,139889,159317,139889,453254,22,yolov5n,WebpLossy,T3,HD
236,709,RSU-0002,Offload,1769293667315023,1769293667320846,1769293667321234,1769293667321234,1769293667695849,1769293667695849,1769293667835123,1769293667835124,1769293667889840,574817,388,139889,139275,295265,139274,453254,22,yolov5n,WebpLossy,T3,HD
240,721,RSU-0000,Offload,1769293667719515,1769293667721369,1769293667722225,1769293667722225,1769293667835153,1769293667835153,1769293667974050,1769293667974050,1769293668125561,406046,856,262050,138897,4243,138897,456140,19,yolov5n,WebpLossy,T3,HD
240,721,RSU-0001,Offload,1769293667719540,1769293667721684,1769293667722411,1769293667722412,1769293667974078,1769293667974078,1769293668115863,1769293668115863,1769293668271497,551957,728,243637,141785,165807,141785,456140,19,yolov5n,WebpLossy,T3,HD
240,721,RSU-0002,Offload,1769293667719541,1769293667724609,1769293667725058,1769293667725058,1769293668115889,1769293668115889,1769293668256795,1769293668256796,1769293668336400,616859,449,193178,140907,282325,140906,456140,19,yolov5n,WebpLossy,T3,HD
244,733,RSU-0000,Offload,1769293668124762,1769293668158764,1769293668159457,1769293668159457,1769293668256833,1769293668256833,1769293668394433,1769293668394433,1769293668643643,518881,693,335383,137600,45205,137600,458830,23,yolov5n,WebpLossy,T3,HD
244,733,RSU-0001,Offload,1769293668124778,1769293668124787,1769293668125180,1769293668125180,1769293668394464,1769293668394465,1769293668534224,1769293668534224,1769293668804105,679327,393,381947,139760,157227,139759,458830,23,yolov5n,WebpLossy,T3,HD
244,733,RSU-0002,Offload,1769293668124779,1769293668134271,1769293668135258,1769293668135259,1769293668534254,1769293668534254,1769293668673146,1769293668673146,1769293669138083,1013304,988,578005,138892,295419,138892,458830,23,yolov5n,WebpLossy,T3,HD
248,745,RSU-0000,Offload,1769293668529529,1769293668531819,1769293668532188,1769293668532188,1769293668673190,1769293668673190,1769293668809614,1769293668809614,1769293669138134,608605,369,459450,136424,12362,136424,466078,23,yolov5n,WebpLossy,T3,HD
248,745,RSU-0001,Offload,1769293668529544,1769293668529353,1769293668529769,1769293668529769,1769293668809642,1769293668809642,1769293668947827,1769293668947828,1769293669752650,1223106,416,891017,138186,193487,138185,466078,23,yolov5n,WebpLossy,T3,HD
247,742,RSU-0002,Offload,1769293668427905,1769293668438838,1769293668439321,1769293668439321,1769293668947856,1769293668947857,1769293669088234,1769293669088234,1769293669752660,1324755,483,780012,140378,403882,140377,464728,21,yolov5n,WebpLossy,T3,HD
251,754,RSU-0000,Offload,1769293668833505,1769293668840295,1769293668840801,1769293668840801,1769293669088280,1769293669088280,1769293669226354,1769293669226355,1769293669838943,1005438,506,823677,138075,43180,138074,459548,19,yolov5n,WebpLossy,T3,HD
252,757,RSU-0001,Offload,1769293668935240,1769293668946431,1769293668946836,1769293668946837,1769293669226393,1769293669226393,1769293669363579,1769293669363579,1769293669838963,903723,406,620945,137186,145186,137186,461740,19,yolov5n,WebpLossy,T3,HD
252,757,RSU-0002,Offload,1769293668935241,1769293668955253,1769293668955632,1769293668955633,1769293669363610,1769293669363610,1769293669499078,1769293669499078,1769293670438825,1503584,380,1060598,135468,307138,135468,461740,19,yolov5n,WebpLossy,T3,HD
254,763,RSU-0000,Offload,1769293669137038,1769293669138966,1769293669139369,1769293669139369,1769293669499109,1769293669499109,1769293669627271,1769293669627271,1769293670438840,1301802,403,1039101,128162,134136,128162,460118,18,yolov5n,WebpLossy,T3,HD
255,766,RSU-0001,Offload,1769293669237656,1769293669240225,1769293669240599,1769293669240599,1769293669627312,1769293669627312,1769293669761382,1769293669761382,1769293670438844,1201188,374,854452,134070,212292,134070,461550,18,yolov5n,WebpLossy,T3,HD
255,766,RSU-0002,Offload,1769293669237657,1769293669249901,1769293669250358,1769293669250358,1769293669761413,1769293669761413,1769293669892621,1769293669892621,1769293670731526,1493869,457,1066331,131208,295873,131208,461550,18,yolov5n,WebpLossy,T3,HD
256,769,RSU-0000,Offload,1769293669339410,1769293669350915,1769293669351316,1769293669351316,1769293669892677,1769293669892677,1769293670024153,1769293670024153,1769293670731545,1392135,401,1142807,131476,117451,131476,461064,17,yolov5n,WebpLossy,T3,HD
257,772,RSU-0001,Offload,1769293669440997,1769293669454782,1769293669455188,1769293669455189,1769293670024182,1769293670024182,1769293670156497,1769293670156497,1769293670742973,1301976,407,890081,132315,279173,132315,462214,17,yolov5n,WebpLossy,T3,HD
257,772,RSU-0002,Offload,1769293669440998,1769293669447613,1769293669448043,1769293669448043,1769293670156526,1769293670156526,1769293670292856,1769293670292856,1769293670742993,1301995,430,869174,136330,296061,136330,462214,17,yolov5n,WebpLossy,T3,HD
257,772,RSU-0000,Offload,1769293669440980,1769293669443766,1769293669444312,1769293669444312,1769293670292889,1769293670292889,1769293670433982,1769293670433982,1769293670742997,1302017,546,1136060,141093,24318,141093,462214,17,yolov5n,WebpLossy,T3,HD
260,781,RSU-0001,Offload,1769293669744625,1769293669748466,1769293669748882,1769293669748883,1769293670434010,1769293670434010,1769293670569486,1769293670569486,1769293671570570,1825945,417,1518955,135476,171097,135476,464490,17,yolov5n,WebpLossy,T3,HD
260,781,RSU-0002,Offload,1769293669744626,1769293669751480,1769293669751922,1769293669751923,1769293670569519,1769293670569520,1769293670704331,1769293670704331,1769293671570582,1825956,443,1305960,134812,384741,134811,464490,17,yolov5n,WebpLossy,T3,HD
261,784,RSU-0000,Offload,1769293669846377,1769293670006905,1769293670007309,1769293670007309,1769293670704375,1769293670704375,1769293670844024,1769293670844024,1769293671683542,1837165,404,1478630,139649,218482,139649,464476,18,yolov5n,WebpLossy,T3,HD
263,790,RSU-0001,Offload,1769293670049034,1769293670054974,1769293670055367,1769293670055367,1769293670844054,1769293670844054,1769293670980279,1769293670980279,1769293671683560,1634526,393,1168016,136225,329892,136225,463428,18,yolov5n,WebpLossy,T3,HD
262,787,RSU-0002,Offload,1769293669948170,1769293669969204,1769293669969635,1769293669969636,1769293670980308,1769293670980309,1769293671111379,1769293671111379,1769293672116772,2168602,432,1701808,131071,335291,131070,463714,18,yolov5n,WebpLossy,T3,HD
263,790,RSU-0000,Offload,1769293670049018,1769293670225821,1769293670226303,1769293670226303,1769293671111409,1769293671111409,1769293671247260,1769293671247260,1769293672116784,2067766,482,1712364,135851,219069,135851,463428,18,yolov5n,WebpLossy,T3,HD
266,799,RSU-0001,Offload,1769293670353072,1769293670364687,1769293670365068,1769293670365068,1769293671247289,1769293671247289,1769293671376632,1769293671376632,1769293672116788,1763716,381,1329745,129343,304247,129343,464052,16,yolov5n,WebpLossy,T3,HD
265,796,RSU-0002,Offload,1769293670251402,1769293670261846,1769293670262280,1769293670262280,1769293671376667,1769293671376668,1769293671508635,1769293671508636,1769293672132981,1881579,434,1447825,131969,301351,131967,462934,16,yolov5n,WebpLossy,T3,HD
265,796,RSU-0000,Offload,1769293670251386,1769293670257000,1769293670257423,1769293670257423,1769293671508683,1769293671508683,1769293671644520,1769293671644520,1769293672204415,1953029,423,1672614,135837,144155,135837,462934,16,yolov5n,WebpLossy,T3,HD
269,808,RSU-0001,Offload,1769293670655527,1769293670678759,1769293670679143,1769293670679143,1769293671644551,1769293671644552,1769293671777291,1769293671777291,1769293672204429,1548902,384,1173265,132740,242513,132739,463130,15,yolov5n,WebpLossy,T3,HD
267,802,RSU-0002,Offload,1769293670454348,1769293670467714,1769293670468150,1769293670468151,1769293671777314,1769293671777314,1769293671909557,1769293671909557,1769293672986443,2532095,437,2039224,132243,360191,132243,461778,16,yolov5n,WebpLossy,T3,HD
268,805,RSU-0000,Offload,1769293670555121,1769293670566823,1769293670567210,1769293670567210,1769293671909598,1769293671909598,1769293672042215,1769293672042215,1769293672986456,2431335,387,2225519,132617,72812,132617,462028,17,yolov5n,WebpLossy,T3,HD
271,814,RSU-0001,Offload,1769293670857944,1769293670857526,1769293670857968,1769293670857968,1769293672042242,1769293672042242,1769293672171617,1769293672171617,1769293672986481,2128537,442,1574451,129375,424269,129375,460254,16,yolov5n,WebpLossy,T3,HD
270,811,RSU-0002,Offload,1769293670757349,1769293670834421,1769293670834843,1769293670834843,1769293672171644,1769293672171644,1769293672300813,1769293672300813,1769293673171825,2414476,422,1961014,129169,323871,129169,460080,16,yolov5n,WebpLossy,T3,HD
270,811,RSU-0000,Offload,1769293670757332,1769293670837558,1769293670837975,1769293670837975,1769293672300843,1769293672300843,1769293672432057,1769293672432057,1769293673171838,2414506,417,2019378,131214,263497,131214,460080,16,yolov5n,WebpLossy,T3,HD
273,820,RSU-0001,Offload,1769293671061091,1769293671081664,1769293671082089,1769293671082089,1769293672432086,1769293672432086,1769293672568645,1769293672568645,1769293673182828,2121737,425,1761283,136559,223470,136559,461274,13,yolov5n,WebpLossy,T3,HD
272,817,RSU-0002,Offload,1769293670959634,1769293670977952,1769293670978349,1769293670978349,1769293672568683,1769293672568683,1769293672702688,1769293672702688,1769293673182846,2223212,397,1802946,134005,285864,134005,460910,18,yolov5n,WebpLossy,T3,HD
272,817,RSU-0000,Offload,1769293670959620,1769293670973988,1769293670974404,1769293670974405,1769293672702733,1769293672702733,1769293672836903,1769293672836903,1769293673182879,2223259,417,2001458,134170,87214,134170,460910,18,yolov5n,WebpLossy,T3,HD
275,826,RSU-0001,Offload,1769293671263473,1769293671268010,1769293671268480,1769293671268480,1769293672836930,1769293672836930,1769293672974566,1769293672974566,1769293673219925,1956452,470,1588520,137636,229826,137636,460882,13,yolov5n,WebpLossy,T3,HD
275,826,RSU-0002,Offload,1769293671263474,1769293671278532,1769293671278986,1769293671278987,1769293672974596,1769293672974596,1769293673114765,1769293673114765,1769293673219944,1956470,455,1382200,140169,433646,140169,460882,13,yolov5n,WebpLossy,T3,HD
275,826,RSU-0000,Offload,1769293671263459,1769293671300838,1769293671301274,1769293671301274,1769293673114797,1769293673114797,1769293673247653,1769293673247653,1769293673909673,2646214,436,2496683,132856,16239,132856,460882,13,yolov5n,WebpLossy,T3,HD
279,838,RSU-0001,Offload,1769293671668953,1769293671670854,1769293671671254,1769293671671254,1769293673247700,1769293673247700,1769293673384855,1769293673384855,1769293674062110,2393157,400,2065591,137155,190011,137155,467396,10,yolov5n,WebpLossy,T3,HD
278,835,RSU-0002,Offload,1769293671568277,1769293671577393,1769293671577845,1769293671577845,1769293673384885,1769293673384886,1769293673519802,1769293673519802,1769293674062186,2493909,452,1871809,134917,486731,134916,464804,12,yolov5n,WebpLossy,T3,HD
277,832,RSU-0000,Offload,1769293671466540,1769293671524272,1769293671524665,1769293671524666,1769293673519832,1769293673519832,1769293673657070,1769293673657070,1769293674062190,2595650,394,2287350,137238,170668,137238,465582,10,yolov5n,WebpLossy,T3,HD
284,853,RSU-0001,Offload,1769293672175260,1769293672330764,1769293672331442,1769293672331442,1769293673657098,1769293673657098,1769293673796491,1769293673796491,1769293674424311,2249051,678,1943746,139393,165234,139393,468328,11,yolov5n,WebpLossy,T3,HD
281,844,RSU-0002,Offload,1769293671871453,1769293671895855,1769293671896235,1769293671896235,1769293673796522,1769293673796522,1769293673933754,1769293673933754,1769293674728609,2857156,380,2410790,137232,308754,137232,465740,14,yolov5n,WebpLossy,T3,HD
281,844,RSU-0000,Offload,1769293671871439,1769293671888490,1769293671888910,1769293671888910,1769293673933793,1769293673933793,1769293674072860,1769293674072860,1769293674728622,2857183,420,2681290,139067,36406,139067,465740,14,yolov5n,WebpLossy,T3,HD
287,862,RSU-0001,Offload,1769293672479315,1769293672505519,1769293672505939,1769293672505939,1769293674072887,1769293674072887,1769293674207644,1769293674207644,1769293674728653,2249338,420,1891046,134757,223115,134757,477968,15,yolov5n,WebpLossy,T3,HD
285,856,RSU-0002,Offload,1769293672275768,1769293672415448,1769293672415920,1769293672415920,1769293674207684,1769293674207684,1769293674345610,1769293674345610,1769293674744788,2469020,472,1964143,137926,366479,137926,471520,13,yolov5n,WebpLossy,T3,HD
284,853,RSU-0000,Offload,1769293672175244,1769293672347316,1769293672347846,1769293672347846,1769293674345642,1769293674345642,1769293674481253,1769293674481253,1769293674796407,2621163,530,2196055,135611,288967,135611,468328,11,yolov5n,WebpLossy,T3,HD
291,874,RSU-0001,Offload,1769293672883475,1769293672907159,1769293672907592,1769293672907592,1769293674481281,1769293674481281,1769293674622006,1769293674622006,1769293674796420,1912945,433,1559907,140725,211880,140725,479562,15,yolov5n,WebpLossy,T3,HD
288,865,RSU-0002,Offload,1769293672580012,1769293672646524,1769293672646968,1769293672646968,1769293674622033,1769293674622034,1769293674758605,1769293674758605,1769293675173585,2593573,444,2129483,136572,327074,136571,481230,13,yolov5n,WebpLossy,T3,HD
287,862,RSU-0000,Offload,1769293672479301,1769293672554179,1769293672554628,1769293672554628,1769293674758639,1769293674758639,1769293674889804,1769293674889804,1769293675702133,3222832,449,3003203,131165,88015,131165,477968,15,yolov5n,WebpLossy,T3,HD
295,886,RSU-0001,Offload,1769293673288577,1769293673368403,1769293673368810,1769293673368811,1769293674889830,1769293674889831,1769293675030093,1769293675030093,1769293675702150,2413573,408,2080045,140263,192857,140262,472978,13,yolov5n,WebpLossy,T3,HD
292,877,RSU-0002,Offload,1769293672985262,1769293672995739,1769293672996318,1769293672996319,1769293675030123,1769293675030124,1769293675158880,1769293675158880,1769293675702154,2716892,580,2217473,128757,370082,128756,480248,14,yolov5n,WebpLossy,T3,HD
289,868,RSU-0000,Offload,1769293672680918,1769293672920124,1769293672920540,1769293672920540,1769293675158912,1769293675158912,1769293675296272,1769293675296272,1769293676186945,3506027,416,3205890,137360,162361,137360,480716,15,yolov5n,WebpLossy,T3,HD
298,895,RSU-0001,Offload,1769293673592615,1769293673602067,1769293673602451,1769293673602452,1769293675296302,1769293675296302,1769293675434943,1769293675434943,1769293676186958,2594343,385,2306459,138641,148858,138641,466726,16,yolov5n,WebpLossy,T3,HD
297,892,RSU-0002,Offload,1769293673491349,1769293673505891,1769293673506354,1769293673506354,1769293675434972,1769293675434973,1769293675566077,1769293675566077,1769293676745770,3254421,463,2815946,131105,306907,131104,469864,15,yolov5n,WebpLossy,T3,HD
291,874,RSU-0000,Offload,1769293672883463,1769293672921055,1769293672921517,1769293672921517,1769293675566108,1769293675566108,1769293675701386,1769293675701386,1769293676745788,3862325,462,3620340,135278,106245,135278,479562,15,yolov5n,WebpLossy,T3,HD
302,907,RSU-0001,Offload,1769293673999250,1769293674001800,1769293674002181,1769293674002181,1769293675701415,1769293675701415,1769293675833165,1769293675833165,1769293676771853,2772603,381,2268219,131750,372253,131750,449516,17,yolov5n,WebpLossy,T3,HD
301,904,RSU-0002,Offload,1769293673897620,1769293673909757,1769293673910179,1769293673910180,1769293675833191,1769293675833192,1769293675967909,1769293675967909,1769293676771872,2874252,423,2405098,134718,334013,134717,453980,17,yolov5n,WebpLossy,T3,HD
294,883,RSU-0000,Offload,1769293673187244,1769293673251426,1769293673251915,1769293673251916,1769293675967949,1769293675967949,1769293676108378,1769293676108379,1769293676824578,3637334,490,3438993,140430,57421,140429,474550,11,yolov5n,WebpLossy,T3,HD
304,913,RSU-0001,Offload,1769293674202263,1769293674218318,1769293674218721,1769293674218721,1769293676108414,1769293676108415,1769293676237707,1769293676237707,1769293676824613,2622350,403,2221983,129293,270671,129292,446142,16,yolov5n,WebpLossy,T3,HD
303,910,RSU-0002,Offload,1769293674100442,1769293674167488,1769293674167900,1769293674167900,1769293676237741,1769293676237741,1769293676369254,1769293676369254,1769293676824617,2724175,412,2171140,131513,421110,131513,449292,16,yolov5n,WebpLossy,T3,HD
297,892,RSU-0000,Offload,1769293673491332,1769293673520377,1769293673520801,1769293673520801,1769293676369290,1769293676369290,1769293676501466,1769293676501466,1769293676825114,3333782,424,3015512,132176,185670,132176,469864,15,yolov5n,WebpLossy,T3,HD
305,916,RSU-0001,Offload,1769293674303265,1769293674340551,1769293674340963,1769293674340963,1769293676501496,1769293676501496,1769293676629796,1769293676629796,1769293676825121,2521856,412,2071095,128300,322049,128300,445982,14,yolov5n,WebpLossy,T3,HD
305,916,RSU-0002,Offload,1769293674303266,1769293674335932,1769293674336403,1769293674336404,1769293676629828,1769293676629828,1769293676760160,1769293676760160,1769293676825125,2521859,472,2038597,130332,352458,130332,445982,14,yolov5n,WebpLossy,T3,HD
307,922,RSU-0002,Offload,1769293674504949,1769293674516195,1769293674516609,1769293674516610,1769293676760201,1769293676760202,1769293676897885,1769293676897885,1769293677546826,3041877,415,2669544,137684,234234,137683,443126,13,yolov5n,WebpLossy,T3,HD
299,898,RSU-0000,Offload,1769293673694451,1769293673706664,1769293673707133,1769293673707133,1769293676897921,1769293676897921,1769293677033781,1769293677033782,1769293677550136,3855685,469,3661593,135861,57762,135860,459752,16,yolov5n,WebpLossy,T3,HD
310,931,RSU-0001,Offload,1769293674809082,1769293674896258,1769293674896661,1769293674896662,1769293677033812,1769293677033812,1769293677168874,1769293677168875,1769293677550149,2741067,404,2407513,135063,198087,135062,439404,13,yolov5n,WebpLossy,T3,HD
308,925,RSU-0002,Offload,1769293674606454,1769293674614904,1769293674615305,1769293674615305,1769293677168903,1769293677168903,1769293677301860,1769293677301860,1769293677550153,2943699,401,2409501,132957,400840,132957,445078,12,yolov5n,WebpLossy,T3,HD
302,907,RSU-0000,Offload,1769293673999193,1769293674004122,1769293674004561,1769293674004561,1769293677301902,1769293677301902,1769293677440069,1769293677440070,1769293677597417,3598224,439,3391528,138168,68089,138167,449516,17,yolov5n,WebpLossy,T3,HD
313,940,RSU-0001,Offload,1769293675114174,1769293675146973,1769293675147358,1769293675147358,1769293677440100,1769293677440100,1769293677579104,1769293677579105,1769293677637024,2522850,385,2238717,139005,144743,139004,435550,13,yolov5n,WebpLossy,T3,HD
312,937,RSU-0002,Offload,1769293675012400,1769293675039582,1769293675040008,1769293675040008,1769293677579135,1769293677579135,1769293677718212,1769293677718212,1769293677977834,2965434,426,2460916,139077,365015,139077,436478,14,yolov5n,WebpLossy,T3,HD
306,919,RSU-0000,Offload,1769293674403863,1769293674410689,1769293674411163,1769293674411164,1769293677718249,1769293677718250,1769293677858914,1769293677858914,1769293678447041,4043178,475,3826377,140665,75661,140664,447264,13,yolov5n,WebpLossy,T3,HD
316,949,RSU-0001,Offload,1769293675417427,1769293675436709,1769293675437072,1769293675437073,1769293677858941,1769293677858942,1769293677988503,1769293677988503,1769293678447054,3029627,364,2721533,129562,178168,129561,432214,11,yolov5n,WebpLossy,T3,HD
318,955,RSU-0002,Offload,1769293675620491,1769293675627735,1769293675628131,1769293675628131,1769293677988534,1769293677988534,1769293678126019,1769293678126019,1769293678891509,3271018,396,2814253,137485,318884,137485,433266,11,yolov5n,WebpLossy,T3,HD
311,934,RSU-0000,Offload,1769293674910650,1769293674918122,1769293674918590,1769293674918590,1769293678126061,1769293678126061,1769293678265519,1769293678265519,1769293678891542,3980892,468,3837170,139458,3796,139458,438180,11,yolov5n,WebpLossy,T3,HD
319,958,RSU-0001,Offload,1769293675722585,1769293675751086,1769293675751476,1769293675751476,1769293678265557,1769293678265557,1769293678402557,1769293678402557,1769293678891546,3168961,390,2862919,137000,168652,137000,434314,13,yolov5n,WebpLossy,T3,HD
323,970,RSU-0002,Offload,1769293676127737,1769293676224234,1769293676224673,1769293676224673,1769293678402589,1769293678402589,1769293678536099,1769293678536099,1769293679270568,3142831,439,2665317,133510,343565,133510,435760,11,yolov5n,WebpLossy,T3,HD
316,949,RSU-0000,Offload,1769293675417418,1769293675482488,1769293675482899,1769293675482899,1769293678536138,1769293678536138,1769293678676149,1769293678676149,1769293679270585,3853167,411,3684260,140011,28485,140011,432214,11,yolov5n,WebpLossy,T3,HD
323,970,RSU-0001,Offload,1769293676127736,1769293676154775,1769293676155345,1769293676155346,1769293678676179,1769293678676179,1769293678815629,1769293678815629,1769293679270589,3142853,571,2774200,139450,228632,139450,435760,11,yolov5n,WebpLossy,T3,HD
329,988,RSU-0002,Offload,1769293676737099,1769293676806390,1769293676806801,1769293676806801,1769293678815670,1769293678815671,1769293678955615,1769293678955615,1769293679455048,2717949,411,2285831,139945,291762,139944,438060,12,yolov5n,WebpLossy,T3,HD
320,961,RSU-0000,Offload,1769293675824361,1769293675864951,1769293675865367,1769293675865367,1769293678955668,1769293678955668,1769293679094480,1769293679094480,1769293679455066,3630705,416,3472470,138812,19007,138812,435856,13,yolov5n,WebpLossy,T3,HD
327,982,RSU-0001,Offload,1769293676534248,1769293676612522,1769293676612907,1769293676612908,1769293679094513,1769293679094513,1769293679234761,1769293679234761,1769293679455070,2920822,386,2467104,140248,313084,140248,439410,12,yolov5n,WebpLossy,T3,HD
335,1006,RSU-0002,Offload,1769293677344911,1769293677360159,1769293677360555,1769293677360555,1769293679234789,1769293679234790,1769293679373041,1769293679373041,1769293679476756,2131845,396,1658887,138252,334310,138251,434868,13,yolov5n,WebpLossy,T3,HD
326,979,RSU-0000,Offload,1769293676433346,1769293676448265,1769293676448643,1769293676448643,1769293679373081,1769293679373081,1769293679509047,1769293679509048,1769293679549854,3116508,378,2908544,135967,71619,135966,437924,11,yolov5n,WebpLossy,T3,HD
331,994,RSU-0001,Offload,1769293676940258,1769293676942272,1769293676942693,1769293676942693,1769293679509076,1769293679509077,1769293679647974,1769293679647974,1769293679912520,2972262,421,2639800,138898,193143,138897,433500,9,yolov5n,WebpLossy,T3,HD
338,1015,RSU-0002,Offload,1769293677649399,1769293677748794,1769293677749277,1769293677749277,1769293679648002,1769293679648002,1769293679787999,1769293679787999,1769293680635325,2985926,483,2309546,139997,535900,139997,435044,8,yolov5n,WebpLossy,T3,HD
329,988,RSU-0000,Offload,1769293676737081,1769293676772128,1769293676772512,1769293676772513,1769293679788041,1769293679788041,1769293679925313,1769293679925313,1769293680635345,3898264,385,3631546,137272,129061,137272,438060,12,yolov5n,WebpLossy,T3,HD
335,1006,RSU-0001,Offload,1769293677344910,1769293677400285,1769293677400666,1769293677400666,1769293679925342,1769293679925342,1769293680064496,1769293680064496,1769293681037402,3692492,381,3335891,139154,217066,139154,434868,13,yolov5n,WebpLossy,T3,HD
344,1033,RSU-0002,Offload,1769293678259638,1769293678273954,1769293678274384,1769293678274385,1769293680064524,1769293680064524,1769293680197095,1769293680197096,1769293681037416,2777778,431,2353993,132572,290782,132571,436846,11,yolov5n,WebpLossy,T3,HD
332,997,RSU-0000,Offload,1769293677040869,1769293677096544,1769293677096975,1769293677096975,1769293680197126,1769293680197126,1769293680335816,1769293680335817,1769293681037459,3996590,431,3744406,138691,113062,138690,435308,13,yolov5n,WebpLossy,T3,HD
339,1018,RSU-0001,Offload,1769293677751083,1769293677768768,1769293677769166,1769293677769167,1769293680335844,1769293680335844,1769293680476383,1769293680476383,1769293681039982,3288899,399,2893026,140539,254935,140539,433202,12,yolov5n,WebpLossy,T3,HD
348,1045,RSU-0002,Offload,1769293678664980,1769293678681678,1769293678682129,1769293678682130,1769293680476413,1769293680476413,1769293680615984,1769293680615984,1769293681039997,2375017,452,1857847,139571,377147,139571,434282,12,yolov5n,WebpLossy,T3,HD
337,1012,RSU-0000,Offload,1769293677548179,1769293677556189,1769293677556625,1769293677556625,1769293680616025,1769293680616025,1769293680754976,1769293680754976,1769293681623126,4074947,436,3904445,138951,31115,138951,433772,11,yolov5n,WebpLossy,T3,HD
344,1033,RSU-0001,Offload,1769293678259637,1769293678273917,1769293678274317,1769293678274317,1769293680755010,1769293680755011,1769293680888891,1769293680888891,1769293681623144,3363507,400,2999131,133881,230095,133880,436846,11,yolov5n,WebpLossy,T3,HD
353,1060,RSU-0002,Offload,1769293679170771,1769293679180294,1769293679180714,1769293679180714,1769293680888918,1769293680888918,1769293681022395,1769293681022395,1769293681623183,2452412,420,1897042,133477,421473,133477,432718,11,yolov5n,WebpLossy,T3,HD
340,1021,RSU-0000,Offload,1769293677852072,1769293677860280,1769293677860727,1769293677860727,1769293681022428,1769293681022428,1769293681151147,1769293681151147,1769293682124853,4272781,447,3830508,128719,313107,128719,435292,11,yolov5n,WebpLossy,T3,HD
345,1036,RSU-0001,Offload,1769293678361398,1769293678375217,1769293678375602,1769293678375602,1769293681151176,1769293681151176,1769293681286569,1769293681286570,1769293682124866,3763468,385,3209390,135394,418299,135393,438348,11,yolov5n,WebpLossy,T3,HD
357,1072,RSU-0002,Offload,1769293679576114,1769293679603746,1769293679605575,1769293679605575,1769293681286611,1769293681286611,1769293681423436,1769293681423436,1769293682124869,2548755,1829,2111331,136825,298770,136825,433156,11,yolov5n,WebpLossy,T3,HD
341,1024,RSU-0000,Offload,1769293677953645,1769293677965306,1769293677965729,1769293677965729,1769293681423469,1769293681423469,1769293681558641,1769293681558641,1769293682128596,4174951,423,3993802,135172,45554,135172,435124,11,yolov5n,WebpLossy,T3,HD
348,1045,RSU-0001,Offload,1769293678664978,1769293678675072,1769293678675478,1769293678675479,1769293681558675,1769293681558675,1769293681693945,1769293681693945,1769293682739069,4074091,407,3670713,135270,267701,135270,434282,12,yolov5n,WebpLossy,T3,HD
360,1081,RSU-0002,Offload,1769293679878992,1769293679918886,1769293679919267,1769293679919268,1769293681693971,1769293681693972,1769293681823701,1769293681823701,1769293682739089,2860097,382,2384925,129730,345060,129729,434542,10,yolov5n,WebpLossy,T3,HD
344,1033,RSU-0000,Offload,1769293678259622,1769293678270761,1769293678271142,1769293678271142,1769293681823731,1769293681823732,1769293681956998,1769293681956998,1769293682739093,4479471,381,4226066,133267,119757,133266,436846,11,yolov5n,WebpLossy,T3,HD
352,1057,RSU-0001,Offload,1769293679069948,1769293679075984,1769293679076348,1769293679076349,1769293681957026,1769293681957026,1769293682088811,1769293682088811,1769293682746971,3677023,365,3373140,131785,171733,131785,433744,11,yolov5n,WebpLossy,T3,HD
362,1087,RSU-0002,Offload,1769293680080818,1769293680093535,1769293680093932,1769293680093932,1769293682088846,1769293682088846,1769293682218904,1769293682218904,1769293683211595,3130777,397,2706473,130058,293849,130058,435866,9,yolov5n,WebpLossy,T3,HD
347,1042,RSU-0000,Offload,1769293678563757,1769293678603725,1769293678604109,1769293678604110,1769293682218936,1769293682218936,1769293682349562,1769293682349562,1769293683211671,4647914,385,4389427,130626,127476,130626,434212,11,yolov5n,WebpLossy,T3,HD
353,1060,RSU-0001,Offload,1769293679170770,1769293679171157,1769293679171507,1769293679171507,1769293682349591,1769293682349591,1769293682481339,1769293682481339,1769293683211675,4040905,350,3495366,131748,413441,131748,432718,11,yolov5n,WebpLossy,T3,HD
365,1096,RSU-0002,Offload,1769293680386314,1769293680391498,1769293680391932,1769293680391932,1769293682481373,1769293682481374,1769293682613501,1769293682613501,1769293683258377,2872063,434,2420431,132128,319070,132127,436046,9,yolov5n,WebpLossy,T3,HD
349,1048,RSU-0000,Offload,1769293678766490,1769293678810906,1769293678811416,1769293678811416,1769293682613549,1769293682613549,1769293682749176,1769293682749176,1769293683258389,4491899,510,4227344,135627,128418,135627,434392,11,yolov5n,WebpLossy,T3,HD
354,1063,RSU-0001,Offload,1769293679271877,1769293679276750,1769293679277121,1769293679277122,1769293682749205,1769293682749205,1769293682877032,1769293682877032,1769293683657953,4386076,372,4027464,127827,230413,127827,433686,11,yolov5n,WebpLossy,T3,HD
368,1105,RSU-0002,Offload,1769293680689591,1769293680698093,1769293680698521,1769293680698521,1769293682877064,1769293682877065,1769293683014561,1769293683014561,1769293683657994,2968403,428,2467318,137497,363160,137496,435268,8,yolov5n,WebpLossy,T3,HD
351,1054,RSU-0000,Offload,1769293678969204,1769293678984902,1769293678985326,1769293678985326,1769293683014593,1769293683014593,1769293683148755,1769293683148755,1769293683657998,4688794,424,4505387,134162,48821,134162,432302,11,yolov5n,WebpLossy,T3,HD
358,1075,RSU-0001,Offload,1769293679676595,1769293679685799,1769293679686179,1769293679686179,1769293683148782,1769293683148783,1769293683284004,1769293683284004,1769293683658001,3981406,380,3710088,135222,135716,135221,432438,10,yolov5n,WebpLossy,T3,HD
371,1114,RSU-0002,Offload,1769293680993679,1769293681014994,1769293681015372,1769293681015373,1769293683284038,1769293683284038,1769293683415623,1769293683415623,1769293683717804,2724125,379,2241417,131585,350744,131585,433620,9,yolov5n,WebpLossy,T3,HD
354,1063,RSU-0000,Offload,1769293679271869,1769293679276682,1769293679277098,1769293679277098,1769293683415667,1769293683415667,1769293683546200,1769293683546201,1769293683717818,4445949,416,4284079,130534,30920,130533,433686,11,yolov5n,WebpLossy,T3,HD
360,1081,RSU-0001,Offload,1769293679878991,1769293679883064,1769293679883449,1769293679883450,1769293683546228,1769293683546228,1769293683683399,1769293683683399,1769293684629860,4750869,386,4411529,137171,201783,137171,434542,10,yolov5n,WebpLossy,T3,HD
375,1126,RSU-0002,Offload,1769293681399718,1769293681414547,1769293681414984,1769293681414985,1769293683683427,1769293683683427,1769293683816124,1769293683816125,1769293684708297,3308579,438,2900783,132698,274660,132697,433866,9,yolov5n,WebpLossy,T3,HD
356,1069,RSU-0000,Offload,1769293679474456,1769293679562980,1769293679563453,1769293679563453,1769293683816160,1769293683816160,1769293683953671,1769293683953671,1769293684708310,5233854,473,5040050,137511,55820,137511,431802,10,yolov5n,WebpLossy,T3,HD
363,1090,RSU-0001,Offload,1769293680182512,1769293680218846,1769293680219215,1769293680219216,1769293683953704,1769293683953705,1769293684091343,1769293684091343,1769293684708313,4525801,370,4249096,137639,138696,137638,433526,10,yolov5n,WebpLossy,T3,HD
377,1132,RSU-0002,Offload,1769293681603384,1769293681624566,1769293681624996,1769293681624996,1769293684091379,1769293684091379,1769293684227192,1769293684227193,1769293684708316,3104932,430,2455989,135814,512699,135813,436246,10,yolov5n,WebpLossy,T3,HD
359,1078,RSU-0000,Offload,1769293679778157,1769293679790773,1769293679791203,1769293679791203,1769293684227223,1769293684227223,1769293684364950,1769293684364950,1769293684713300,4935143,430,4696041,137727,100945,137727,433612,10,yolov5n,WebpLossy,T3,HD
365,1096,RSU-0001,Offload,1769293680386313,1769293680387428,1769293680387811,1769293680387811,1769293684364985,1769293684364985,1769293684501085,1769293684501086,1769293684713314,4327001,383,3882538,136101,307979,136100,436046,9,yolov5n,WebpLossy,T3,HD
383,1150,RSU-0002,Offload,1769293682213355,1769293682290151,1769293682290573,1769293682290574,1769293684501115,1769293684501115,1769293684638362,1769293684638362,1769293684769028,2555673,423,2142042,137247,275961,137247,436472,11,yolov5n,WebpLossy,T3,HD
364,1093,RSU-0000,Offload,1769293680284437,1769293680340907,1769293680341365,1769293680341365,1769293684638403,1769293684638404,1769293684771120,1769293684771120,1769293685271455,4987018,458,4802226,132717,51617,132716,435986,12,yolov5n,WebpLossy,T3,HD
369,1108,RSU-0001,Offload,1769293680791362,1769293680808506,1769293680808854,1769293680808854,1769293684771153,1769293684771154,1769293684901995,1769293684901995,1769293685337747,4546385,348,4220888,130842,194307,130841,436062,9,yolov5n,WebpLossy,T3,HD
386,1159,RSU-0002,Offload,1769293682516684,1769293682574446,1769293682574854,1769293682574854,1769293684902024,1769293684902024,1769293685039911,1769293685039911,1769293685337831,2821147,408,2351167,137887,331685,137887,437280,10,yolov5n,WebpLossy,T3,HD
368,1105,RSU-0000,Offload,1769293680689575,1769293680710631,1769293680711093,1769293680711094,1769293685039946,1769293685039946,1769293685178603,1769293685178603,1769293685337835,4648260,463,4508411,138657,729,138657,435268,8,yolov5n,WebpLossy,T3,HD
373,1120,RSU-0001,Offload,1769293681197064,1769293681230536,1769293681230909,1769293681230909,1769293685178641,1769293685178641,1769293685315793,1769293685315793,1769293685337838,4140774,373,3827823,137152,175426,137152,434102,9,yolov5n,WebpLossy,T3,HD
390,1171,RSU-0002,Offload,1769293682922323,1769293682937848,1769293682938239,1769293682938239,1769293685315819,1769293685315819,1769293685453561,1769293685453561,1769293685797461,2875138,391,2451958,137742,285047,137742,434498,9,yolov5n,WebpLossy,T3,HD
371,1114,RSU-0000,Offload,1769293680993663,1769293681008648,1769293681009205,1769293681009206,1769293685453597,1769293685453597,1769293685593309,1769293685593309,1769293685932102,4938439,558,4634826,139712,163343,139712,433620,9,yolov5n,WebpLossy,T3,HD
376,1129,RSU-0001,Offload,1769293681501553,1769293681514893,1769293681515268,1769293681515269,1769293685593338,1769293685593338,1769293685733582,1769293685733582,1769293685932138,4430585,376,4089476,140244,200489,140244,434386,10,yolov5n,WebpLossy,T3,HD
395,1186,RSU-0002,Offload,1769293683427631,1769293683451613,1769293683452004,1769293683452004,1769293685733613,1769293685733613,1769293685866139,1769293685866139,1769293686266768,2839137,391,2421236,132526,284984,132526,432182,11,yolov5n,WebpLossy,T3,HD
373,1120,RSU-0000,Offload,1769293681197054,1769293681361989,1769293681362407,1769293681362407,1769293685866184,1769293685866184,1769293685999688,1769293685999688,1769293686266781,5069727,418,4850463,133504,85342,133504,434102,9,yolov5n,WebpLossy,T3,HD
382,1147,RSU-0001,Offload,1769293682112269,1769293682120017,1769293682120483,1769293682120484,1769293685999718,1769293685999719,1769293686141177,1769293686141178,1769293686326491,4214222,467,3860808,141460,211487,141458,437708,10,yolov5n,WebpLossy,T3,HD
401,1204,RSU-0002,Offload,1769293684035298,1769293684045202,1769293684045711,1769293684045711,1769293686141213,1769293686141213,1769293686279714,1769293686279714,1769293686326509,2291211,509,1702778,138501,449423,138501,434652,11,yolov5n,WebpLossy,T3,HD
374,1123,RSU-0000,Offload,1769293681297809,1769293681363089,1769293681363542,1769293681363542,1769293686279744,1769293686279745,1769293686412142,1769293686412142,1769293686414855,5117046,453,4919970,132398,64225,132397,432794,9,yolov5n,WebpLossy,T3,HD
386,1159,RSU-0001,Offload,1769293682516683,1769293682570916,1769293682571349,1769293682571349,1769293686412170,1769293686412170,1769293686551667,1769293686551667,1769293687101348,4584665,433,4213499,139497,231236,139497,437280,10,yolov5n,WebpLossy,T3,HD
410,1231,RSU-0002,Offload,1769293684945640,1769293685014093,1769293685014484,1769293685014484,1769293686551701,1769293686551701,1769293686689628,1769293686689628,1769293687167036,2221396,391,1735057,137927,348021,137927,433708,11,yolov5n,WebpLossy,T3,HD
380,1141,RSU-0000,Offload,1769293681908599,1769293681931202,1769293681931798,1769293681931798,1769293686689668,1769293686689668,1769293686825611,1769293686825611,1769293687167054,5258455,596,5087112,135943,34804,135943,437164,10,yolov5n,WebpLossy,T3,HD
390,1171,RSU-0001,Offload,1769293682922322,1769293682954902,1769293682955363,1769293682955363,1769293686825648,1769293686825648,1769293686965504,1769293686965505,1769293687167058,4244736,461,3931791,139857,172627,139856,434498,9,yolov5n,WebpLossy,T3,HD
415,1246,RSU-0002,Offload,1769293685453071,1769293685493014,1769293685493464,1769293685493464,1769293686965538,1769293686965538,1769293687100603,1769293687100603,1769293687234362,1781291,450,1366009,135065,279767,135065,436590,12,yolov5n,WebpLossy,T3,HD
384,1153,RSU-0000,Offload,1769293682314174,1769293682439761,1769293682440178,1769293682440178,1769293687100644,1769293687100645,1769293687231559,1769293687231559,1769293687599801,5285627,417,5059642,130915,94653,130914,436788,11,yolov5n,WebpLossy,T3,HD
395,1186,RSU-0001,Offload,1769293683427630,1769293683444608,1769293683445048,1769293683445049,1769293687231595,1769293687231595,1769293687369474,1769293687369474,1769293687599818,4172188,441,3832275,137879,201593,137879,432182,11,yolov5n,WebpLossy,T3,HD
419,1258,RSU-0002,Offload,1769293685858800,1769293685919042,1769293685919516,1769293685919517,1769293687369510,1769293687369510,1769293687504806,1769293687504806,1769293688280732,2421932,475,1867788,135296,418373,135296,433384,12,yolov5n,WebpLossy,T3,HD
388,1165,RSU-0000,Offload,1769293682719249,1769293682731390,1769293682731884,1769293682731885,1769293687504852,1769293687504852,1769293687643753,1769293687643754,1769293688280751,5561502,495,5393858,138902,28247,138901,435524,10,yolov5n,WebpLossy,T3,HD
398,1195,RSU-0001,Offload,1769293683731197,1769293683860633,1769293683861051,1769293683861051,1769293687643779,1769293687643779,1769293687785796,1769293687785796,1769293688317096,4585899,418,4266437,142017,177027,142017,433308,10,yolov5n,WebpLossy,T3,HD
422,1267,RSU-0002,Offload,1769293686162745,1769293686179583,1769293686180044,1769293686180044,1769293687785829,1769293687785829,1769293687924856,1769293687924857,1769293688317108,2154363,461,1714140,139028,300734,139027,436328,12,yolov5n,WebpLossy,T3,HD
396,1189,RSU-0000,Offload,1769293683529328,1769293683592962,1769293683593737,1769293683593737,1769293687924889,1769293687924889,1769293688064615,1769293688064615,1769293688317112,4787784,775,4579767,139726,67516,139726,433718,10,yolov5n,WebpLossy,T3,HD
405,1216,RSU-0001,Offload,1769293684438689,1769293684440337,1769293684440730,1769293684440731,1769293688064641,1769293688064641,1769293688203055,1769293688203055,1769293688373141,3934452,394,3610628,138414,185016,138414,433048,11,yolov5n,WebpLossy,T3,HD
427,1282,RSU-0002,Offload,1769293686668904,1769293686685753,1769293686686231,1769293686686231,1769293688203090,1769293688203090,1769293688336866,1769293688336867,1769293688394284,1725380,478,1296119,133777,295006,133776,435864,11,yolov5n,WebpLossy,T3,HD
399,1198,RSU-0000,Offload,1769293683831768,1769293683981169,1769293683981618,1769293683981618,1769293688336896,1769293688336896,1769293688474511,1769293688474511,1769293689125684,5293916,449,4931803,137615,224049,137615,434288,11,yolov5n,WebpLossy,T3,HD
408,1225,RSU-0001,Offload,1769293684741980,1769293684878662,1769293684879043,1769293684879043,1769293688474547,1769293688474547,1769293688615772,1769293688615772,1769293689175528,4433548,381,3944939,141225,347003,141225,434510,11,yolov5n,WebpLossy,T3,HD
433,1300,RSU-0002,Offload,1769293687276737,1769293687351963,1769293687352396,1769293687352396,1769293688615793,1769293688615793,1769293688755595,1769293688755595,1769293689175542,1898805,433,1405926,139802,352644,139802,435264,12,yolov5n,WebpLossy,T3,HD
404,1213,RSU-0000,Offload,1769293684338119,1769293684359340,1769293684360014,1769293684360014,1769293688755632,1769293688755632,1769293688896078,1769293688896078,1769293689175546,4837427,674,4665315,140446,30992,140446,433578,11,yolov5n,WebpLossy,T3,HD
412,1237,RSU-0001,Offload,1769293685149193,1769293685168549,1769293685168979,1769293685168979,1769293688896113,1769293688896113,1769293689034797,1769293689034797,1769293689196789,4047596,430,3761993,138684,146489,138684,436014,11,yolov5n,WebpLossy,T3,HD
440,1321,RSU-0002,Offload,1769293687986303,1769293688001045,1769293688001469,1769293688001470,1769293689034827,1769293689034827,1769293689173035,1769293689173035,1769293689218689,1232386,425,766879,138208,326874,138208,439602,16,yolov5n,WebpLossy,T3,HD
410,1231,RSU-0000,Offload,1769293684945623,1769293684956758,1769293684957161,1769293684957161,1769293689173069,1769293689173069,1769293689312185,1769293689312185,1769293689952577,5006954,403,4788159,139116,79276,139116,433708,11,yolov5n,WebpLossy,T3,HD
415,1246,RSU-0001,Offload,1769293685453069,1769293685466010,1769293685466443,1769293685466443,1769293689312216,1769293689312216,1769293689453896,1769293689453896,1769293689974428,4521359,433,4052239,141680,327007,141680,436590,12,yolov5n,WebpLossy,T3,HD
444,1333,RSU-0002,Offload,1769293688391558,1769293688480540,1769293688480998,1769293688480998,1769293689453925,1769293689453925,1769293689593168,1769293689593168,1769293689974440,1582882,458,1019314,139243,423867,139243,440354,13,yolov5n,WebpLossy,T3,HD
414,1243,RSU-0000,Offload,1769293685351358,1769293685450207,1769293685450656,1769293685450656,1769293689593212,1769293689593212,1769293689733738,1769293689733738,1769293689974444,4623086,449,4383014,140526,99097,140526,435610,12,yolov5n,WebpLossy,T3,HD
420,1261,RSU-0001,Offload,1769293685959931,1769293685996680,1769293685997109,1769293685997109,1769293689733772,1769293689733773,1769293689874309,1769293689874310,1769293690022138,4062207,429,3719985,140538,201255,140536,435462,11,yolov5n,WebpLossy,T3,HD
450,1351,RSU-0002,Offload,1769293688998676,1769293689016087,1769293689016503,1769293689016504,1769293689874339,1769293689874340,1769293690011342,1769293690011342,1769293690173660,1174984,417,748448,137003,289116,137002,442028,17,yolov5n,WebpLossy,T3,HD
420,1261,RSU-0000,Offload,1769293685959916,1769293686227996,1769293686228541,1769293686228541,1769293690011377,1769293690011377,1769293690152738,1769293690152738,1769293690209099,4249183,545,4022512,141361,84765,141361,435462,11,yolov5n,WebpLossy,T3,HD
424,1273,RSU-0001,Offload,1769293686364923,1769293686428373,1769293686428808,1769293686428808,1769293690152766,1769293690152767,1769293690290299,1769293690290299,1769293690885717,4520794,435,4232552,137533,150274,137532,438268,10,yolov5n,WebpLossy,T3,HD
454,1363,RSU-0002,Offload,1769293689405099,1769293689418157,1769293689418582,1769293689418582,1769293690290330,1769293690290330,1769293690430822,1769293690430822,1769293690963260,1558161,425,996444,140492,420800,140492,439368,15,yolov5n,WebpLossy,T3,HD
427,1282,RSU-0000,Offload,1769293686668890,1769293686678200,1769293686678614,1769293686678615,1769293690430865,1769293690430865,1769293690568807,1769293690568807,1769293690963312,4294422,415,4116416,137942,39649,137942,435864,11,yolov5n,WebpLossy,T3,HD
425,1276,RSU-0001,Offload,1769293686466459,1769293686477676,1769293686478102,1769293686478102,1769293690568837,1769293690568837,1769293690708251,1769293690708252,1769293690963316,4496857,426,3829225,139415,527791,139414,437024,11,yolov5n,WebpLossy,T3,HD
460,1381,RSU-0002,Offload,1769293690012868,1769293690106691,1769293690107144,1769293690107144,1769293690708280,1769293690708280,1769293690849354,1769293690849354,1769293691216052,1203184,453,732564,141074,329093,141074,447438,15,yolov5n,WebpLossy,T3,HD
431,1294,RSU-0000,Offload,1769293687073898,1769293687101171,1769293687102082,1769293687102082,1769293690849387,1769293690849387,1769293690984837,1769293690984837,1769293691692564,4618666,911,4449470,135450,32835,135450,436060,13,yolov5n,WebpLossy,T3,HD
430,1291,RSU-0001,Offload,1769293686973261,1769293686972597,1769293686972967,1769293686972967,1769293690984866,1769293690984866,1769293691125053,1769293691125053,1769293691692587,4719326,370,4405510,140187,173259,140187,436118,12,yolov5n,WebpLossy,T3,HD
466,1399,RSU-0002,Offload,1769293690618967,1769293690630290,1769293690630774,1769293690630774,1769293691125081,1769293691125081,1769293691264141,1769293691264141,1769293691733318,1114351,484,591217,139060,383590,139060,443624,14,yolov5n,WebpLossy,T3,HD
435,1306,RSU-0000,Offload,1769293687478950,1769293687501358,1769293687501839,1769293687501840,1769293691264174,1769293691264174,1769293691404537,1769293691404537,1769293691733336,4254386,482,4102519,140363,11022,140363,434584,13,yolov5n,WebpLossy,T3,HD
435,1306,RSU-0001,Offload,1769293687478963,1769293687505706,1769293687506090,1769293687506090,1769293691404570,1769293691404570,1769293691545970,1769293691545970,1769293691733339,4254376,384,3958993,141400,153599,141400,434584,13,yolov5n,WebpLossy,T3,HD
470,1411,RSU-0002,Offload,1769293691025134,1769293691072750,1769293691073177,1769293691073177,1769293691546014,1769293691546015,1769293691685529,1769293691685529,1769293691747904,722770,427,172031,139515,410797,139514,445224,14,yolov5n,WebpLossy,T3,HD
439,1318,RSU-0000,Offload,1769293687884935,1769293687890794,1769293687891228,1769293687891228,1769293691685566,1769293691685566,1769293691821465,1769293691821466,1769293691839123,3954188,434,3578808,135900,239046,135899,439064,14,yolov5n,WebpLossy,T3,HD
441,1324,RSU-0001,Offload,1769293688086754,1769293688091213,1769293688091788,1769293688091789,1769293691821495,1769293691821495,1769293691961675,1769293691961675,1769293692180322,4093568,576,3746620,140180,206192,140180,438612,13,yolov5n,WebpLossy,T3,HD
475,1426,RSU-0002,Offload,1769293691532287,1769293691546234,1769293691546653,1769293691546653,1769293691961704,1769293691961704,1769293692100466,1769293692100466,1769293692272666,740379,419,286028,138762,315170,138762,438764,13,yolov5n,WebpLossy,T3,HD
445,1336,RSU-0000,Offload,1769293688493025,1769293688495744,1769293688496171,1769293688496171,1769293692100498,1769293692100498,1769293692241009,1769293692241009,1769293692470365,3977340,427,3780499,140511,55903,140511,440852,12,yolov5n,WebpLossy,T3,HD
443,1330,RSU-0001,Offload,1769293688290188,1769293688306471,1769293688306878,1769293688306879,1769293692241059,1769293692241059,1769293692382029,1769293692382029,1769293692535068,4244880,408,3865459,140970,238043,140970,438114,11,yolov5n,WebpLossy,T3,HD
479,1438,RSU-0002,Offload,1769293691936621,1769293691947805,1769293691948257,1769293691948258,1769293692382058,1769293692382059,1769293692521458,1769293692521458,1769293692936926,1000305,453,536658,139400,323794,139399,441054,12,yolov5n,WebpLossy,T3,HD
446,1339,RSU-0000,Offload,1769293688593769,1769293688602429,1769293688602877,1769293688602878,1769293692521495,1769293692521496,1769293692660112,1769293692660113,1769293693164976,4571207,449,4034421,138618,397719,138616,440050,10,yolov5n,WebpLossy,T3,HD
451,1354,RSU-0001,Offload,1769293689100514,1769293689102585,1769293689102951,1769293689102951,1769293692660135,1769293692660135,1769293692800654,1769293692800654,1769293693164988,4064474,366,3726758,140519,196831,140519,438328,18,yolov5n,WebpLossy,T3,HD
484,1453,RSU-0002,Offload,1769293692443013,1769293692465274,1769293692465728,1769293692465729,1769293692800692,1769293692800692,1769293692937175,1769293692937175,1769293693164991,721978,455,286731,136483,298309,136483,444238,14,yolov5n,WebpLossy,T3,HD
452,1357,RSU-0000,Offload,1769293689202396,1769293689287968,1769293689288415,1769293689288415,1769293692937210,1769293692937210,1769293693073873,1769293693073874,1769293693459445,4257049,447,4085624,136664,34314,136663,439268,16,yolov5n,WebpLossy,T3,HD
456,1369,RSU-0001,Offload,1769293689607470,1769293689614567,1769293689615000,1769293689615001,1769293693073903,1769293693073903,1769293693209331,1769293693209331,1769293694060012,4452542,434,4135268,135428,181412,135428,443536,15,yolov5n,WebpLossy,T3,HD
486,1459,RSU-0002,Offload,1769293692646354,1769293692655369,1769293692655766,1769293692655767,1769293693209358,1769293693209358,1769293693349502,1769293693349502,1769293694060090,1413736,398,872406,140144,400788,140144,446696,12,yolov5n,WebpLossy,T3,HD
456,1369,RSU-0000,Offload,1769293689607457,1769293689617442,1769293689617840,1769293689617840,1769293693349532,1769293693349532,1769293693485949,1769293693485949,1769293694070889,4463432,398,4307059,136417,19558,136417,443536,15,yolov5n,WebpLossy,T3,HD
460,1381,RSU-0001,Offload,1769293690012866,1769293690069194,1769293690069600,1769293690069601,1769293693485982,1769293693485982,1769293693622078,1769293693622078,1769293694070903,4058037,407,3747260,136096,174274,136096,447438,15,yolov5n,WebpLossy,T3,HD
491,1474,RSU-0002,Offload,1769293693152594,1769293693159606,1769293693160042,1769293693160043,1769293693622107,1769293693622107,1769293693762554,1769293693762554,1769293694247808,1095214,437,614837,140447,339493,140447,446208,16,yolov5n,WebpLossy,T3,HD
459,1378,RSU-0000,Offload,1769293689911433,1769293689915938,1769293689916374,1769293689916374,1769293693762589,1769293693762589,1769293693901964,1769293693901964,1769293694247822,4336389,436,4127781,139375,68797,139375,443162,15,yolov5n,WebpLossy,T3,HD
465,1396,RSU-0001,Offload,1769293690518207,1769293690621497,1769293690621854,1769293690621854,1769293693901992,1769293693901992,1769293694042522,1769293694042522,1769293694247845,3729638,357,3378239,140530,210512,140530,445350,14,yolov5n,WebpLossy,T3,HD
495,1486,RSU-0002,Offload,1769293693558889,1769293693567005,1769293693567423,1769293693567423,1769293694042549,1769293694042549,1769293694177333,1769293694177333,1769293694350423,791534,418,308839,134784,347493,134784,451094,15,yolov5n,WebpLossy,T3,HD
464,1393,RSU-0000,Offload,1769293690416541,1769293690429812,1769293690430219,1769293690430220,1769293694177366,1769293694177367,1769293694311093,1769293694311094,1769293694662081,4245540,408,3968180,133728,143224,133726,447672,15,yolov5n,WebpLossy,T3,HD
467,1402,RSU-0001,Offload,1769293690720686,1769293690721574,1769293690721969,1769293690721970,1769293694311120,1769293694311120,1769293694451381,1769293694451381,1769293694765594,4044908,396,3751843,140261,152408,140261,442836,15,yolov5n,WebpLossy,T3,HD
499,1498,RSU-0002,Offload,1769293693963836,1769293693976650,1769293693977051,1769293693977051,1769293694451411,1769293694451411,1769293694591680,1769293694591680,1769293694765612,801776,401,284984,140269,376122,140269,445366,15,yolov5n,WebpLossy,T3,HD
469,1408,RSU-0000,Offload,1769293690924119,1769293691005010,1769293691005424,1769293691005425,1769293694591710,1769293694591710,1769293694730041,1769293694730041,1769293694807902,3883783,415,3710122,138331,34915,138331,446698,13,yolov5n,WebpLossy,T3,HD
471,1414,RSU-0001,Offload,1769293691126186,1769293691155946,1769293691156336,1769293691156337,1769293694730071,1769293694730071,1769293694868927,1769293694868927,1769293694891633,3765447,391,3432127,138856,194073,138856,445594,15,yolov5n,WebpLossy,T3,HD
503,1510,RSU-0002,Offload,1769293694370063,1769293694376028,1769293694376451,1769293694376451,1769293694868957,1769293694868957,1769293695005078,1769293695005078,1769293695551742,1181679,423,670482,136121,374653,136121,441444,14,yolov5n,WebpLossy,T3,HD
475,1426,RSU-0000,Offload,1769293691532272,1769293691536714,1769293691537067,1769293691537067,1769293695005126,1769293695005126,1769293695143645,1769293695143645,1769293695588865,4056593,353,3892620,138519,25101,138519,438764,13,yolov5n,WebpLossy,T3,HD
474,1423,RSU-0001,Offload,1769293691430535,1769293691434598,1769293691435031,1769293691435032,1769293695143685,1769293695143685,1769293695279827,1769293695279828,1769293695588878,4158343,434,3840901,136143,180865,136142,441134,14,yolov5n,WebpLossy,T3,HD
508,1525,RSU-0002,Offload,1769293694877572,1769293694892297,1769293694892694,1769293694892695,1769293695279857,1769293695279857,1769293695418946,1769293695418947,1769293695588923,711351,398,290493,139090,281370,139089,441192,14,yolov5n,WebpLossy,T3,HD
481,1444,RSU-0000,Offload,1769293692140273,1769293692143904,1769293692144306,1769293692144307,1769293695418992,1769293695418992,1769293695559965,1769293695559965,1769293696061262,3920989,403,3732851,140973,46762,140973,440622,13,yolov5n,WebpLossy,T3,HD
479,1438,RSU-0001,Offload,1769293691936620,1769293692006752,1769293692007085,1769293692007086,1769293695559993,1769293695559993,1769293695699093,1769293695699093,1769293696642723,4706103,334,4384743,139100,181926,139100,441054,12,yolov5n,WebpLossy,T3,HD
511,1534,RSU-0002,Offload,1769293695182468,1769293695208448,1769293695208862,1769293695208863,1769293695699122,1769293695699123,1769293695837377,1769293695837377,1769293696642746,1460278,415,976052,138255,345556,138254,442690,13,yolov5n,WebpLossy,T3,HD
485,1456,RSU-0000,Offload,1769293692544481,1769293692557806,1769293692558222,1769293692558223,1769293695837430,1769293695837430,1769293695970529,1769293695970529,1769293696642750,4098269,417,3901261,133099,63492,133099,446934,12,yolov5n,WebpLossy,T3,HD
483,1450,RSU-0001,Offload,1769293692342365,1769293692350966,1769293692351424,1769293692351424,1769293695970559,1769293695970560,1769293696104330,1769293696104330,1769293697025035,4682670,458,4364026,133771,184415,133770,441320,13,yolov5n,WebpLossy,T3,HD
516,1549,RSU-0002,Offload,1769293695689570,1769293695697001,1769293695697430,1769293695697430,1769293696104357,1769293696104357,1769293696237965,1769293696237965,1769293697025053,1335483,429,908359,133608,293087,133608,441496,12,yolov5n,WebpLossy,T3,HD
488,1465,RSU-0000,Offload,1769293692848600,1769293692868006,1769293692868504,1769293692868505,1769293696237997,1769293696237997,1769293696374112,1769293696374112,1769293697025057,4176457,499,3952715,136115,87128,136115,448884,15,yolov5n,WebpLossy,T3,HD
485,1456,RSU-0001,Offload,1769293692544497,1769293692579161,1769293692579567,1769293692579567,1769293696374140,1769293696374140,1769293696512234,1769293696512234,1769293697084292,4539795,406,4080277,138094,321018,138094,446934,12,yolov5n,WebpLossy,T3,HD
518,1555,RSU-0002,Offload,1769293695891964,1769293695915073,1769293695915512,1769293695915512,1769293696512262,1769293696512262,1769293696649462,1769293696649462,1769293697084311,1192347,439,688229,137200,366479,137200,440050,11,yolov5n,WebpLossy,T3,HD
490,1471,RSU-0000,Offload,1769293693050962,1769293693058790,1769293693059216,1769293693059216,1769293696649494,1769293696649494,1769293696784844,1769293696784844,1769293697114046,4063084,426,3908963,135350,18345,135350,448522,16,yolov5n,WebpLossy,T3,HD
488,1465,RSU-0001,Offload,1769293692848615,1769293692878344,1769293692878735,1769293692878735,1769293696784870,1769293696784870,1769293696920647,1769293696920647,1769293697114063,4265448,391,3834631,135777,294649,135777,448884,15,yolov5n,WebpLossy,T3,HD
523,1570,RSU-0002,Offload,1769293696400032,1769293696408483,1769293696408934,1769293696408934,1769293696920690,1769293696920690,1769293697053940,1769293697053940,1769293697114067,714035,451,180216,133250,400118,133250,443012,12,yolov5n,WebpLossy,T3,HD
493,1480,RSU-0000,Offload,1769293693355741,1769293693378828,1769293693379266,1769293693379266,1769293697053971,1769293697053971,1769293697194981,1769293697194981,1769293698021157,4665416,438,4374051,141010,149917,141010,451434,17,yolov5n,WebpLossy,T3,HD
490,1471,RSU-0001,Offload,1769293693050972,1769293693052924,1769293693053376,1769293693053377,1769293697195010,1769293697195010,1769293697332397,1769293697332397,1769293698149546,5098574,453,4771127,137387,189607,137387,448522,16,yolov5n,WebpLossy,T3,HD
527,1582,RSU-0002,Offload,1769293696806259,1769293696814825,1769293696815227,1769293696815227,1769293697332424,1769293697332424,1769293697464318,1769293697464318,1769293698149607,1343348,402,873277,131894,337775,131894,439090,12,yolov5n,WebpLossy,T3,HD
496,1489,RSU-0000,Offload,1769293693659789,1769293693661225,1769293693661655,1769293693661655,1769293697464353,1769293697464353,1769293697599356,1769293697599356,1769293698149611,4489822,430,4201734,135003,152655,135003,451464,15,yolov5n,WebpLossy,T3,HD
493,1480,RSU-0001,Offload,1769293693355757,1769293693369147,1769293693369604,1769293693369605,1769293697599383,1769293697599383,1769293697735804,1769293697735804,1769293698182336,4826579,458,4383951,136421,305749,136421,451434,17,yolov5n,WebpLossy,T3,HD
530,1591,RSU-0002,Offload,1769293697109902,1769293697225299,1769293697225812,1769293697225813,1769293697735831,1769293697735831,1769293697868759,1769293697868760,1769293698182349,1072447,514,617237,132929,321767,132928,436176,12,yolov5n,WebpLossy,T3,HD
499,1498,RSU-0000,Offload,1769293693963821,1769293693973631,1769293693974052,1769293693974052,1769293697868792,1769293697868792,1769293698009514,1769293698009515,1769293698182353,4218532,421,4019138,140723,58250,140722,445366,15,yolov5n,WebpLossy,T3,HD
495,1486,RSU-0001,Offload,1769293693558888,1769293693599312,1769293693599767,1769293693599767,1769293698009541,1769293698009541,1769293698151335,1769293698151335,1769293698755737,5196849,455,4857444,141794,197156,141794,451094,15,yolov5n,WebpLossy,T3,HD
535,1606,RSU-0002,Offload,1769293697616129,1769293697637183,1769293697637691,1769293697637691,1769293698151369,1769293698151369,1769293698283816,1769293698283816,1769293699076740,1460611,508,1027490,132447,300166,132447,435048,12,yolov5n,WebpLossy,T3,HD
503,1510,RSU-0000,Offload,1769293694370045,1769293694379225,1769293694379638,1769293694379639,1769293698283849,1769293698283849,1769293698421446,1769293698421446,1769293699076758,4706713,414,4350021,137597,218681,137597,441444,14,yolov5n,WebpLossy,T3,HD
501,1504,RSU-0001,Offload,1769293694167598,1769293694188828,1769293694189266,1769293694189267,1769293698421474,1769293698421474,1769293698552977,1769293698552978,1769293699076761,4909163,439,4639013,131504,138207,131503,443508,16,yolov5n,WebpLossy,T3,HD
537,1612,RSU-0002,Offload,1769293697818585,1769293697826893,1769293697827336,1769293697827336,1769293698553006,1769293698553006,1769293698690080,1769293698690080,1769293699100334,1281749,443,778791,137074,365441,137074,436424,13,yolov5n,WebpLossy,T3,HD
505,1516,RSU-0000,Offload,1769293694571742,1769293694577195,1769293694577641,1769293694577641,1769293698690114,1769293698690114,1769293698824202,1769293698824202,1769293699120654,4548912,446,4346571,134088,67807,134088,443996,15,yolov5n,WebpLossy,T3,HD
503,1510,RSU-0001,Offload,1769293694370062,1769293694379816,1769293694380283,1769293694380284,1769293698824230,1769293698824230,1769293698963189,1769293698963189,1769293699120673,4750611,468,4359607,138959,251577,138959,441444,14,yolov5n,WebpLossy,T3,HD
544,1633,RSU-0002,Offload,1769293698526932,1769293698544118,1769293698544580,1769293698544580,1769293698963219,1769293698963219,1769293699101281,1769293699101281,1769293699120678,593746,462,153268,138062,301954,138062,434876,9,yolov5n,WebpLossy,T3,HD
510,1531,RSU-0000,Offload,1769293695080594,1769293695084030,1769293695084461,1769293695084462,1769293699101337,1769293699101337,1769293699240610,1769293699240610,1769293699562796,4482202,432,4289410,139273,53087,139273,440642,14,yolov5n,WebpLossy,T3,HD
507,1522,RSU-0001,Offload,1769293694775499,1769293694827141,1769293694827557,1769293694827558,1769293699240640,1769293699240640,1769293699381483,1769293699381483,1769293699834367,5058868,417,4726847,140843,190761,140843,444306,14,yolov5n,WebpLossy,T3,HD
547,1642,RSU-0002,Offload,1769293698832266,1769293698849815,1769293698850228,1769293698850228,1769293699381519,1769293699381519,1769293699519677,1769293699519677,1769293699834403,1002137,413,439796,138158,423770,138158,435354,10,yolov5n,WebpLossy,T3,HD
514,1543,RSU-0000,Offload,1769293695486358,1769293695497684,1769293695498087,1769293695498087,1769293699519710,1769293699519710,1769293699658403,1769293699658403,1769293700174037,4687679,403,4498209,138693,50374,138693,441150,13,yolov5n,WebpLossy,T3,HD
511,1534,RSU-0001,Offload,1769293695182467,1769293695208046,1769293695208508,1769293695208508,1769293699658438,1769293699658438,1769293699795687,1769293699795687,1769293700174061,4991594,462,4642275,137249,211608,137249,442690,13,yolov5n,WebpLossy,T3,HD
552,1657,RSU-0002,Offload,1769293699337499,1769293699356681,1769293699357157,1769293699357157,1769293699795718,1769293699795719,1769293699936009,1769293699936009,1769293700620800,1283301,476,795718,140291,346816,140290,438384,13,yolov5n,WebpLossy,T3,HD
519,1558,RSU-0000,Offload,1769293695993770,1769293695995022,1769293695995448,1769293695995449,1769293699936044,1769293699936044,1769293700075600,1769293700075600,1769293700620813,4627043,427,4458684,139556,28376,139556,442516,12,yolov5n,WebpLossy,T3,HD
515,1546,RSU-0001,Offload,1769293695588107,1769293695648655,1769293695649537,1769293695649537,1769293700075629,1769293700075629,1769293700214125,1769293700214125,1769293701369735,5781628,882,5392635,138496,249615,138496,442342,13,yolov5n,WebpLossy,T3,HD
556,1669,RSU-0002,Offload,1769293699743346,1769293699755775,1769293699756235,1769293699756235,1769293700214158,1769293700214158,1769293700346874,1769293700346874,1769293701369754,1626408,460,1150685,132716,342547,132716,439712,11,yolov5n,WebpLossy,T3,HD
525,1576,RSU-0000,Offload,1769293696602667,1769293696646646,1769293696647083,1769293696647083,1769293700346910,1769293700346910,1769293700485617,1769293700485617,1769293701369757,4767090,437,4529069,138707,98877,138707,441288,13,yolov5n,WebpLossy,T3,HD
518,1555,RSU-0001,Offload,1769293695891963,1769293695895319,1769293695895763,1769293695895763,1769293700485647,1769293700485647,1769293700614275,1769293700614275,1769293701378866,5486903,444,5155279,128628,202552,128628,440050,11,yolov5n,WebpLossy,T3,HD
560,1681,RSU-0002,Offload,1769293700147458,1769293700158013,1769293700158472,1769293700158472,1769293700614301,1769293700614301,1769293700744884,1769293700744884,1769293702350866,2203408,459,1676410,130583,395956,130583,441636,9,yolov5n,WebpLossy,T3,HD
527,1582,RSU-0000,Offload,1769293696806245,1769293696813229,1769293696813649,1769293696813649,1769293700744915,1769293700744915,1769293700880167,1769293700880167,1769293702350916,5544671,420,5289695,135252,119304,135252,439090,12,yolov5n,WebpLossy,T3,HD
520,1561,RSU-0001,Offload,1769293696095562,1769293696104921,1769293696105348,1769293696105348,1769293700880196,1769293700880196,1769293701016214,1769293701016215,1769293702350920,6255358,427,5954677,136019,164235,136018,442676,13,yolov5n,WebpLossy,T3,HD
564,1693,RSU-0002,Offload,1769293700553765,1769293700571568,1769293700572016,1769293700572016,1769293701016251,1769293701016251,1769293701151036,1769293701151036,1769293702360690,1806925,448,1366041,134785,305651,134785,443664,9,yolov5n,WebpLossy,T3,HD
530,1591,RSU-0000,Offload,1769293697109874,1769293697205134,1769293697205589,1769293697205589,1769293701151084,1769293701151084,1769293701287055,1769293701287055,1769293702360709,5250835,455,5058439,135971,55970,135971,436176,12,yolov5n,WebpLossy,T3,HD
521,1564,RSU-0001,Offload,1769293696197419,1769293696234707,1769293696235100,1769293696235101,1769293701287087,1769293701287087,1769293701426738,1769293701426738,1769293702395727,6198308,394,5821742,139651,236521,139651,441664,11,yolov5n,WebpLossy,T3,HD
568,1705,RSU-0002,Offload,1769293700958913,1769293700975722,1769293700976160,1769293700976160,1769293701426767,1769293701426767,1769293701560832,1769293701560832,1769293702395775,1436862,438,990703,134065,311656,134065,445252,11,yolov5n,WebpLossy,T3,HD
535,1606,RSU-0000,Offload,1769293697616110,1769293697627900,1769293697628326,1769293697628326,1769293701560862,1769293701560862,1769293701692578,1769293701692578,1769293702395779,4779669,426,4565214,131716,82313,131716,435048,12,yolov5n,WebpLossy,T3,HD
523,1570,RSU-0001,Offload,1769293696400031,1769293696427973,1769293696428737,1769293696428738,1769293701692605,1769293701692606,1769293701826103,1769293701826103,1769293702416238,6016207,765,5594803,133498,287141,133497,443012,12,yolov5n,WebpLossy,T3,HD
570,1711,RSU-0002,Offload,1769293701161510,1769293701180170,1769293701180598,1769293701180598,1769293701826135,1769293701826135,1769293701959309,1769293701959309,1769293702416256,1254746,428,793173,133174,327971,133174,446290,12,yolov5n,WebpLossy,T3,HD
538,1615,RSU-0000,Offload,1769293697920251,1769293697922813,1769293697923225,1769293697923226,1769293701959347,1769293701959347,1769293702092438,1769293702092438,1769293702416259,4496008,413,4276339,133091,86165,133091,435302,12,yolov5n,WebpLossy,T3,HD
573,1720,RSU-0002,Offload,1769293701464881,1769293701548882,1769293701549315,1769293701549315,1769293702092469,1769293702092469,1769293702221861,1769293702221861,1769293702416317,951436,433,563683,129392,257928,129392,448252,10,yolov5n,WebpLossy,T3,HD
539,1618,RSU-0000,Offload,1769293698020991,1769293698023468,1769293698023937,1769293698023937,1769293702221902,1769293702221902,1769293702365497,1769293702365497,1769293702443328,4422337,469,4069654,143595,208619,143595,438458,11,yolov5n,WebpLossy,T3,HD
524,1573,RSU-0001,Offload,1769293696500753,1769293696499950,1769293696500759,1769293696500759,1769293702365528,1769293702365529,1769293702504401,1769293702504401,1769293702508634,6007881,809,5673368,138873,194831,138872,441494,13,yolov5n,WebpLossy,T3,HD
576,1729,RSU-0002,Offload,1769293701768753,1769293701794918,1769293701795402,1769293701795402,1769293702504428,1769293702504428,1769293702641687,1769293702641687,1769293703099617,1330864,484,881982,137259,311139,137259,449962,14,yolov5n,WebpLossy,T3,HD
540,1621,RSU-0000,Offload,1769293698121772,1769293698127929,1769293698128318,1769293698128319,1769293702641720,1769293702641721,1769293702781723,1769293702781723,1769293703584457,5462685,390,5121824,140003,200468,140002,438064,11,yolov5n,WebpLossy,T3,HD
527,1582,RSU-0001,Offload,1769293696806258,1769293696860148,1769293696860577,1769293696860577,1769293702781749,1769293702781750,1769293702920806,1769293702920807,1769293703584494,6778236,429,6212982,139058,425767,139056,439090,12,yolov5n,WebpLossy,T3,HD
580,1741,RSU-0002,Offload,1769293702173815,1769293702181950,1769293702182409,1769293702182410,1769293702920836,1769293702920836,1769293703060850,1769293703060851,1769293703584497,1410682,460,984126,140015,286081,140014,448390,15,yolov5n,WebpLossy,T3,HD
546,1639,RSU-0000,Offload,1769293698730378,1769293698745129,1769293698745629,1769293698745630,1769293703060891,1769293703060891,1769293703199402,1769293703199402,1769293703673070,4942692,501,4752585,138511,51095,138511,434122,10,yolov5n,WebpLossy,T3,HD
530,1591,RSU-0001,Offload,1769293697109901,1769293697191476,1769293697191895,1769293697191896,1769293703199432,1769293703199432,1769293703336198,1769293703336198,1769293703673083,6563182,420,6279505,136766,146491,136766,436176,12,yolov5n,WebpLossy,T3,HD
586,1759,RSU-0002,Offload,1769293702780808,1769293702826595,1769293702827043,1769293702827043,1769293703336224,1769293703336224,1769293703476768,1769293703476769,1769293703673086,892278,448,323406,140545,427879,140544,449782,13,yolov5n,WebpLossy,T3,HD
551,1654,RSU-0000,Offload,1769293699235845,1769293699258679,1769293699259099,1769293699259099,1769293703476806,1769293703476806,1769293703618224,1769293703618224,1769293704002405,4766560,420,4599557,141418,25165,141418,437804,12,yolov5n,WebpLossy,T3,HD
535,1606,RSU-0001,Offload,1769293697616128,1769293697614274,1769293697614658,1769293697614658,1769293703618254,1769293703618254,1769293703757348,1769293703757349,1769293704113167,6497039,384,6187328,139095,170232,139094,435048,12,yolov5n,WebpLossy,T3,HD
590,1771,RSU-0002,Offload,1769293703186114,1769293703197714,1769293703198214,1769293703198214,1769293703757377,1769293703757377,1769293703896850,1769293703896850,1769293704113180,927066,500,467989,139473,319104,139473,449056,13,yolov5n,WebpLossy,T3,HD
558,1675,RSU-0000,Offload,1769293699944993,1769293699950719,1769293699951159,1769293699951160,1769293703896883,1769293703896883,1769293704037645,1769293704037645,1769293704146991,4201998,441,4052677,140762,8118,140762,439144,9,yolov5n,WebpLossy,T3,HD
540,1621,RSU-0001,Offload,1769293698121789,1769293698124705,1769293698125507,1769293698125507,1769293704037683,1769293704037683,1769293704177386,1769293704177386,1769293704205660,6083871,802,5784477,139703,158889,139703,438064,11,yolov5n,WebpLossy,T3,HD
592,1777,RSU-0002,Offload,1769293703388593,1769293703402985,1769293703403473,1769293703403474,1769293704177416,1769293704177416,1769293704318328,1769293704318328,1769293704322708,934115,489,186554,140912,606160,140912,451794,14,yolov5n,WebpLossy,T3,HD
566,1699,RSU-0000,Offload,1769293700756551,1769293700775552,1769293700775996,1769293700775997,1769293704318360,1769293704318360,1769293704459253,1769293704459253,1769293704741715,3985164,445,3818351,140893,25475,140893,443030,10,yolov5n,WebpLossy,T3,HD
545,1636,RSU-0001,Offload,1769293698628650,1769293698710729,1769293698711494,1769293698711494,1769293704459283,1769293704459283,1769293704599334,1769293704599334,1769293704799373,6170723,765,5852869,140051,177038,140051,432148,9,yolov5n,WebpLossy,T3,HD
572,1717,RSU-0000,Offload,1769293701364107,1769293701365098,1769293701365518,1769293701365518,1769293704599379,1769293704599379,1769293704739752,1769293704739752,1769293704799385,3435278,420,3273201,140373,21284,140373,445946,12,yolov5n,WebpLossy,T3,HD
549,1648,RSU-0001,Offload,1769293699033775,1769293699034530,1769293699034949,1769293699034950,1769293704739778,1769293704739778,1769293704881216,1769293704881216,1769293705080603,6046828,420,5728448,141438,176522,141438,436982,13,yolov5n,WebpLossy,T3,HD
577,1732,RSU-0000,Offload,1769293701870596,1769293701898385,1769293701898801,1769293701898801,1769293704881250,1769293704881250,1769293705022143,1769293705022143,1769293705301124,3430528,416,3285867,140893,3352,140893,449650,13,yolov5n,WebpLossy,T3,HD
554,1663,RSU-0001,Offload,1769293699539888,1769293699546368,1769293699547157,1769293699547157,1769293705022170,1769293705022170,1769293705162414,1769293705162415,1769293705339749,5799861,789,5498797,140245,160030,140244,439842,11,yolov5n,WebpLossy,T3,HD
582,1747,RSU-0000,Offload,1769293702376901,1769293702414908,1769293702415345,1769293702415345,1769293705162446,1769293705162446,1769293705303203,1769293705303204,1769293705339762,2962861,437,2814206,140758,7460,140757,447298,12,yolov5n,WebpLossy,T3,HD
559,1678,RSU-0001,Offload,1769293700045836,1769293700199325,1769293700199693,1769293700199693,1769293705303231,1769293705303231,1769293705444565,1769293705444565,1769293705554358,5508522,368,5212809,141334,154011,141334,441694,11,yolov5n,WebpLossy,T3,HD
587,1762,RSU-0000,Offload,1769293702882397,1769293702885664,1769293702886180,1769293702886180,1769293705444617,1769293705444618,1769293705587076,1769293705587076,1769293705731530,2849133,516,2675241,142459,30917,142458,450450,13,yolov5n,WebpLossy,T3,HD
562,1687,RSU-0001,Offload,1769293700351369,1769293700353914,1769293700354355,1769293700354355,1769293705587104,1769293705587105,1769293705727256,1769293705727256,1769293705747022,5395653,441,4990731,140152,264329,140151,443322,11,yolov5n,WebpLossy,T3,HD
592,1777,RSU-0000,Offload,1769293703388577,1769293703406392,1769293703406885,1769293703406886,1769293705727291,1769293705727291,1769293705868413,1769293705868413,1769293705904419,2515842,494,2309147,141122,65079,141122,451794,14,yolov5n,WebpLossy,T3,HD
568,1705,RSU-0001,Offload,1769293700958913,1769293701133584,1769293701134384,1769293701134385,1769293705868451,1769293705868451,1769293706010925,1769293706010925,1769293706023075,5064162,801,4759594,142474,161293,142474,445252,11,yolov5n,WebpLossy,T3,HD
576,1729,RSU-0001,Offload,1769293701768752,1769293702097023,1769293702097799,1769293702097799,1769293706010978,1769293706010978,1769293706153091,1769293706153091,1769293706158318,4389566,776,4240055,142113,6622,142113,449962,14,yolov5n,WebpLossy,T3,HD
580,1741,RSU-0001,Offload,1769293702173813,1769293702219511,1769293702220444,1769293702220445,1769293706153126,1769293706153127,1769293706295271,1769293706295272,1769293706419118,4245305,934,4080317,142146,21908,142144,448390,15,yolov5n,WebpLossy,T3,HD
584,1753,RSU-0001,Offload,1769293702579138,1769293702843608,1769293702844017,1769293702844017,1769293706295305,1769293706295305,1769293706437102,1769293706437102,1769293706471543,3892405,409,3723754,141797,26445,141797,449362,14,yolov5n,WebpLossy,T3,HD
589,1768,RSU-0001,Offload,1769293703085127,1769293703084208,1769293703084663,1769293703084663,1769293706437134,1769293706437134,1769293706574224,1769293706574224,1769293706576383,3491256,455,3338156,137090,15555,137090,451174,13,yolov5n,WebpLossy,T3,HD
592,1777,RSU-0001,Offload,1769293703388592,1769293703398992,1769293703399985,1769293703399985,1769293706574258,1769293706574258,1769293706697551,1769293706697551,1769293706700039,3311447,993,3145381,123293,41780,123293,451794,14,yolov5n,WebpLossy,T3,HD
